object={
	name="tree_leaf_01_single_generator_1_0"
	clamp_to_water_level=no
	render_under_water=no
	generated_content=yes
	layer="tree_high_layer"
	pdxmesh="tree_leaf_01_single_a_mesh"
	count=79
	transform="606.230896 0.000000 3736.782959 0.000000 0.998144 0.000000 0.060904 0.696805 0.696805 0.696805
604.087585 0.000000 3735.687744 0.000000 0.472900 0.000000 0.881116 0.605786 0.605786 0.605786
599.902710 0.000000 3735.899658 0.000000 0.945933 0.000000 0.324362 0.667672 0.667672 0.667672
607.799255 0.000000 3738.149902 0.000000 0.313425 0.000000 0.949613 0.559970 0.559970 0.559970
604.710876 0.000000 3737.233154 0.000000 0.631731 0.000000 0.775188 0.569789 0.569789 0.569789
611.756653 0.000000 3743.564209 0.000000 0.495720 0.000000 -0.868482 0.817676 0.817676 0.817676
598.288330 0.000000 3745.722900 0.000000 0.139101 0.000000 0.990278 0.637470 0.637470 0.637470
601.228088 0.000000 3751.148438 0.000000 0.236874 0.000000 -0.971540 0.783778 0.783778 0.783778
604.277161 0.000000 3758.421875 0.000000 0.431792 0.000000 0.901973 0.603723 0.603723 0.603723
607.816650 0.000000 3760.452637 0.000000 0.679049 0.000000 -0.734093 0.792197 0.792197 0.792197
613.689392 0.000000 3747.128906 0.000000 0.288500 0.000000 0.957480 0.559280 0.559280 0.559280
601.752502 0.000000 3747.330566 0.000000 0.861892 0.000000 -0.507093 0.763198 0.763198 0.763198
604.907288 0.000000 3761.959229 0.000000 0.885116 0.000000 -0.465371 0.746526 0.746526 0.746526
615.176697 0.000000 3784.670166 0.000000 0.609434 0.000000 0.792837 0.540018 0.540018 0.540018
631.905701 0.000000 3784.883057 0.000000 0.448543 0.000000 0.893761 0.585998 0.585998 0.585998
611.042114 0.000000 3769.831055 0.000000 0.073884 0.000000 0.997267 0.629372 0.629372 0.629372
615.771484 0.000000 3748.671631 0.000000 0.458671 0.000000 -0.888606 0.807093 0.807093 0.807093
612.205078 0.000000 3748.972412 0.000000 0.675085 0.000000 0.737740 0.620250 0.620250 0.620250
606.353638 0.000000 3758.920898 0.000000 0.222921 0.000000 0.974837 0.565923 0.565923 0.565923
626.919983 0.000000 3783.981445 0.000000 0.583841 0.000000 -0.811868 0.767878 0.767878 0.767878
624.817993 0.000000 3781.227051 0.000000 0.779656 0.000000 -0.626208 0.770953 0.770953 0.770953
603.105774 0.000000 3751.578125 0.000000 0.991266 0.000000 -0.131881 0.720803 0.720803 0.720803
630.048462 0.000000 3785.327881 0.000000 0.625004 0.000000 -0.780621 0.792349 0.792349 0.792349
616.617798 0.000000 3785.968262 0.000000 0.998929 0.000000 -0.046262 0.709382 0.709382 0.709382
598.086243 0.000000 3747.686768 0.000000 0.444647 0.000000 0.895706 0.604948 0.604948 0.604948
631.230103 0.000000 3786.455811 0.000000 0.576769 0.000000 0.816907 0.496170 0.496170 0.496170
603.454773 0.000000 3750.187988 0.000000 0.864927 0.000000 -0.501898 0.782698 0.782698 0.782698
630.105042 0.000000 3799.750488 0.000000 0.813888 0.000000 0.581022 0.667496 0.667496 0.667496
630.808838 0.000000 3795.497803 0.000000 0.642131 0.000000 -0.766595 0.751903 0.751903 0.751903
633.432495 0.000000 3794.026123 0.000000 0.811691 0.000000 0.584087 0.664028 0.664028 0.664028
631.582214 0.000000 3797.043945 0.000000 0.891386 0.000000 0.453245 0.647388 0.647388 0.647388
662.701355 0.000000 3790.820312 0.000000 0.967711 0.000000 -0.252062 0.711133 0.711133 0.711133
702.453918 0.000000 3805.383057 0.000000 0.890518 0.000000 0.454948 0.638094 0.638094 0.638094
660.790100 0.000000 3791.508301 0.000000 0.930217 0.000000 0.367009 0.674388 0.674388 0.674388
699.907959 0.000000 3813.239014 0.000000 0.300244 0.000000 0.953862 0.438963 0.438963 0.438963
676.197266 0.000000 3796.964600 0.000000 0.989662 0.000000 -0.143419 0.742756 0.742756 0.742756
702.143921 0.000000 3807.562012 0.000000 0.254448 0.000000 -0.967086 0.943321 0.943321 0.943321
677.677185 0.000000 3806.021240 0.000000 0.271410 0.000000 0.962464 0.541467 0.541467 0.541467
677.972717 0.000000 3796.897705 0.000000 0.806237 0.000000 0.591593 0.511933 0.511933 0.511933
698.196960 0.000000 3813.301025 0.000000 0.211558 0.000000 0.977365 0.420037 0.420037 0.420037
687.193604 0.000000 3810.720703 0.000000 0.094346 0.000000 0.995539 0.351703 0.351703 0.351703
699.957642 0.000000 3814.761719 0.000000 0.851916 0.000000 0.523679 0.615238 0.615238 0.615238
703.316589 0.000000 3806.680908 0.000000 0.471028 0.000000 0.882119 0.499873 0.499873 0.499873
660.810913 0.000000 3793.026123 0.000000 0.478324 0.000000 0.878184 0.514524 0.514524 0.514524
703.981323 0.000000 3805.395020 0.000000 0.435272 0.000000 0.900299 0.553143 0.553143 0.553143
621.724670 0.000000 4965.561035 0.000000 0.881711 0.000000 0.471791 0.631310 0.631310 0.631310
618.989258 0.000000 4966.683105 0.000000 0.431721 0.000000 0.902007 0.611576 0.611576 0.611576
622.734436 0.000000 4954.701172 0.000000 0.953393 0.000000 -0.301731 0.829627 0.829627 0.829627
620.577026 0.000000 4966.652832 0.000000 0.054434 0.000000 -0.998517 0.941143 0.941143 0.941143
621.025269 0.000000 4964.052734 0.000000 0.218515 0.000000 0.975834 0.511191 0.511191 0.511191
623.802368 0.000000 4955.360352 0.000000 0.372260 0.000000 -0.928128 1.202996 1.202996 1.202996
622.556885 0.000000 4955.836426 0.000000 0.992338 0.000000 0.123552 0.647614 0.647614 0.647614
844.373291 0.000000 4980.207520 0.000000 0.587256 0.000000 -0.809401 0.764280 0.764280 0.764280
837.963379 0.000000 4981.233887 0.000000 0.536576 0.000000 0.843852 0.678936 0.678936 0.678936
841.628052 0.000000 4984.367676 0.000000 0.257765 0.000000 0.966208 0.244392 0.244392 0.244392
841.446045 0.000000 4987.420898 0.000000 0.602438 0.000000 0.798166 0.593397 0.593397 0.593397
843.662659 0.000000 4985.857422 0.000000 0.596961 0.000000 -0.802270 1.014041 1.014041 1.014041
843.959229 0.000000 4987.899414 0.000000 0.661796 0.000000 -0.749684 0.793317 0.793317 0.793317
844.343018 0.000000 4984.080566 0.000000 0.883799 0.000000 0.467866 0.646396 0.646396 0.646396
839.888794 0.000000 4985.202148 0.000000 0.798666 0.000000 0.601775 0.584898 0.584898 0.584898
839.683044 0.000000 4981.752930 0.000000 0.602890 0.000000 -0.797825 0.825908 0.825908 0.825908
842.943726 0.000000 4980.944336 0.000000 0.953628 0.000000 0.300989 0.616117 0.616117 0.616117
839.088013 0.000000 4980.171875 0.000000 0.117630 0.000000 -0.993057 0.898046 0.898046 0.898046
842.002136 0.000000 4985.845215 0.000000 0.050783 0.000000 0.998710 0.187332 0.187332 0.187332
838.107361 0.000000 4982.585938 0.000000 0.483184 0.000000 0.875519 0.420428 0.420428 0.420428
842.930664 0.000000 4984.587891 0.000000 0.745146 0.000000 -0.666902 0.946232 0.946232 0.946232
838.653442 0.000000 4984.670410 0.000000 0.590275 0.000000 0.807202 0.532549 0.532549 0.532549
840.452271 0.000000 4983.756836 0.000000 0.982202 0.000000 -0.187825 0.784201 0.784201 0.784201
842.321167 0.000000 4983.276367 0.000000 0.992614 0.000000 0.121316 0.647292 0.647292 0.647292
842.011108 0.000000 4981.668945 0.000000 0.820144 0.000000 0.572157 0.532872 0.532872 0.532872
843.977783 0.000000 4981.429688 0.000000 0.801590 0.000000 -0.597874 0.875829 0.875829 0.875829
840.991577 0.000000 4985.296875 0.000000 0.777031 0.000000 -0.629462 0.936782 0.936782 0.936782
842.100891 0.000000 4980.118652 0.000000 0.992028 0.000000 -0.126017 0.734667 0.734667 0.734667
843.364807 0.000000 4983.598145 0.000000 0.032029 0.000000 -0.999487 1.366901 1.366901 1.366901
840.040955 0.000000 4982.746582 0.000000 0.881318 0.000000 -0.472524 0.919320 0.919320 0.919320
840.074646 0.000000 4980.818848 0.000000 0.975891 0.000000 0.218260 0.636169 0.636169 0.636169
840.698853 0.000000 4981.639160 0.000000 0.999004 0.000000 -0.044624 0.712950 0.712950 0.712950
841.414246 0.000000 4983.496094 0.000000 0.279038 0.000000 -0.960280 1.273978 1.273978 1.273978
842.290466 0.000000 4982.447754 0.000000 0.293844 0.000000 -0.955853 1.251524 1.251524 1.251524
"}
