object={
	name="bridge 01"
	clamp_to_water_level=no
	render_under_water=yes
	generated_content=no
	layer="temp_layer"
	pdxmesh="bridge_01_mesh"
	count=137
	transform="1201.574219 1.404297 4190.272461 0.000000 0.763223 0.000000 0.646136 1.000000 1.000000 1.000000
902.063721 1.470703 4317.864258 0.000000 0.479821 0.000000 0.877367 1.348145 1.348145 1.348145
920.947998 2.316895 4500.273438 0.000000 0.391415 0.000000 0.920214 1.000000 1.000000 1.000000
1604.160645 2.074707 4912.243164 0.000000 0.053282 0.000000 0.998580 1.273535 1.273535 1.273535
2006.750488 1.823730 4869.615234 0.000000 0.112501 0.000000 0.993651 1.107324 1.107324 1.107324
2085.545410 1.963135 4820.496094 0.000000 0.472360 0.000000 0.881406 1.172290 1.172290 1.172290
1976.078857 1.963135 4881.393555 0.000000 0.237775 0.000000 0.971320 1.000000 1.000000 1.000000
1926.804932 3.885010 4921.501953 0.000000 0.757051 0.000000 0.653356 1.000000 1.000000 1.000000
1958.164307 2.158691 5000.379883 0.000000 0.820283 0.000000 0.571957 1.000000 1.000000 1.000000
1505.982422 1.596436 4963.477539 0.000000 0.253276 0.000000 0.967394 1.000000 1.000000 1.000000
1326.947754 1.596436 4808.799805 0.000000 0.683729 0.000000 0.729736 1.000000 1.000000 1.000000
1276.080811 1.818359 4842.306641 0.000000 -0.225097 0.000000 0.974336 1.000000 1.000000 1.000000
1064.710693 1.818359 4616.081055 0.000000 -0.053525 0.000000 0.998567 1.000000 1.000000 1.000000
1040.845947 2.516113 4621.659180 0.000000 -0.164434 0.000000 0.986388 1.044534 1.044534 1.044534
992.442505 1.080566 4664.359375 0.000000 0.349224 0.000000 0.937039 1.000000 1.000000 1.000000
838.017639 2.503662 4495.855469 0.000000 0.109203 0.000000 0.994020 1.000000 1.000000 1.000000
984.801575 1.519043 4834.290039 0.000000 0.358792 0.000000 0.933417 1.256811 1.256811 1.256811
948.433655 1.180176 4839.743164 0.000000 0.000000 0.000000 1.000000 1.000000 1.000000 1.000000
535.974609 2.289307 3774.732178 0.000000 0.587520 0.000000 0.809210 1.185828 1.185828 1.185828
567.055176 1.425171 3882.530518 0.000000 0.032968 0.000000 0.999456 1.000000 1.000000 1.000000
688.848389 4.171021 3806.019287 0.000000 -0.447069 0.000000 0.894500 1.243198 1.243198 1.243198
618.569153 1.881836 3776.510010 0.000000 -0.521922 0.000000 0.852993 1.223791 1.223791 1.223791
1611.292480 2.304443 4273.598633 0.000000 -0.373361 0.000000 0.927686 1.000000 1.000000 1.000000
1510.637451 1.656006 4283.440430 0.000000 0.308179 0.000000 0.951328 1.000000 1.000000 1.000000
1419.982422 1.917725 5517.921875 0.000000 0.000000 0.000000 1.000000 1.000000 1.000000 1.000000
1388.572510 2.377930 5438.656250 0.000000 -0.121495 0.000000 0.992592 1.184521 1.184521 1.184521
2169.135742 1.447021 5180.350586 0.000000 0.437640 0.000000 0.899150 1.280566 1.280566 1.280566
2250.054199 1.768799 5126.445312 0.000000 0.712440 0.000000 0.701733 1.107130 1.107130 1.107130
2474.603516 2.761719 4230.292969 0.000000 0.089753 0.000000 0.995964 1.000000 1.000000 1.000000
2368.792480 1.619385 4193.137695 0.000000 -0.179683 0.000000 0.983725 1.000000 1.000000 1.000000
2217.335449 1.581543 4257.477539 0.000000 0.332160 0.000000 0.943223 1.000000 1.000000 1.000000
1959.410400 1.572998 4490.763672 0.000000 -0.181784 0.000000 0.983338 1.000000 1.000000 1.000000
1978.357910 1.811768 4493.202148 0.000000 -0.267750 0.000000 0.963488 1.100636 1.100636 1.100636
2007.044434 1.476563 4474.620117 0.000000 0.768804 0.000000 0.639485 1.000000 1.000000 1.000000
2005.843506 1.979492 4420.418945 0.000000 -0.675553 0.000000 0.737311 1.000000 1.000000 1.000000
2028.669434 2.172363 4298.678711 0.000000 0.246620 0.000000 0.969112 1.000000 1.000000 1.000000
2354.753906 1.714844 5371.990234 0.000000 -0.269837 0.000000 0.962906 1.000000 1.000000 1.000000
2352.504395 1.716797 4829.421875 0.000000 -0.090756 0.000000 0.995873 1.000000 1.000000 1.000000
2517.249023 0.889160 4690.446289 0.000000 0.531985 0.000000 0.846753 0.874976 0.874976 0.874976
2499.034180 0.996094 4722.353516 0.000000 0.441094 0.000000 0.897461 1.000000 1.000000 1.000000
2514.307617 1.117188 4774.218750 0.000000 -0.477121 0.000000 0.878838 1.000000 1.000000 1.000000
2488.324219 1.577393 4786.186523 0.000000 0.587224 0.000000 0.809425 1.000000 1.000000 1.000000
2482.679688 1.686035 4765.542969 0.000000 0.234372 0.000000 0.972147 0.922778 0.922778 0.922778
2450.244629 1.091553 4907.061523 0.000000 0.627790 0.000000 0.778383 1.000000 1.000000 1.000000
2606.899414 0.739258 4877.521484 0.000000 -0.802363 0.000000 0.596836 1.000000 1.000000 1.000000
2476.069336 1.763672 5022.076172 0.000000 -0.402080 0.000000 0.915604 1.000000 1.000000 1.000000
2662.656738 0.841064 5063.111328 0.000000 -0.536371 0.000000 0.843982 1.000000 1.000000 1.000000
2776.401855 1.917725 5073.031250 0.000000 -0.123797 0.000000 0.992308 1.000000 1.000000 1.000000
2827.810547 1.526123 5043.466797 0.000000 0.432502 0.000000 0.901633 1.000000 1.000000 1.000000
2883.052734 2.245850 5029.829102 0.000000 -0.619345 0.000000 0.785119 1.000000 1.000000 1.000000
2803.906738 2.569336 5244.072266 0.000000 0.076950 0.000000 0.997035 1.087720 1.087720 1.087720
2674.573242 0.872070 5263.717773 0.000000 -0.706072 0.000000 0.708140 1.000000 1.000000 1.000000
2617.177734 1.424561 5178.555664 0.000000 0.297316 0.000000 0.954779 1.000000 1.000000 1.000000
2573.380371 1.790527 5168.091797 0.000000 -0.659409 0.000000 0.751785 1.000000 1.000000 1.000000
2524.081055 1.977051 5164.590820 0.000000 0.382120 0.000000 0.924112 1.000000 1.000000 1.000000
2397.108398 0.770020 5301.884766 0.000000 0.677834 0.000000 0.735215 1.000000 1.000000 1.000000
2419.488770 1.663574 5214.968750 0.000000 -0.605473 0.000000 0.795866 1.000000 1.000000 1.000000
2401.147949 0.475586 5365.200195 0.000000 -0.667514 0.000000 0.744597 1.000000 1.000000 1.000000
2928.811523 1.784180 5153.182617 0.000000 -0.287013 0.000000 0.957927 1.000000 1.000000 1.000000
2920.978516 0.665771 5174.711914 0.000000 0.483251 0.000000 0.875482 1.000000 1.000000 1.000000
2408.239746 2.350830 5059.048828 0.000000 -0.125523 0.000000 0.992091 1.000000 1.000000 1.000000
2403.388184 1.536865 5122.104492 0.000000 -0.442655 0.000000 0.896692 1.000000 1.000000 1.000000
2431.392578 1.124023 5448.944336 0.000000 -0.547144 0.000000 0.837038 1.000000 1.000000 1.000000
2330.378906 0.862305 5084.419922 0.000000 0.466600 0.000000 0.884468 1.000000 1.000000 1.000000
2717.280273 1.931641 5268.042969 0.000000 0.069159 0.000000 0.997606 1.000000 1.000000 1.000000
2625.950195 1.286377 5370.340820 0.000000 0.682866 0.000000 0.730544 1.000000 1.000000 1.000000
2556.761719 0.853516 5430.972656 0.000000 0.557042 0.000000 0.830484 1.000000 1.000000 1.000000
2822.842773 0.529053 5559.121094 0.000000 0.238167 0.000000 0.971224 1.000000 1.000000 1.000000
2599.743164 0.478271 5718.149414 0.000000 0.247966 0.000000 0.968769 1.088550 1.088550 1.088550
2458.362793 1.774414 4539.609375 0.000000 0.296645 0.000000 0.954988 1.000000 1.000000 1.000000
2601.240234 1.800781 4393.756836 0.000000 0.363943 0.000000 0.931421 1.000000 1.000000 1.000000
2708.439453 0.793701 4429.498047 0.000000 -0.458131 0.000000 0.888885 1.000000 1.000000 1.000000
2784.373535 0.636963 4536.380859 0.000000 -0.725568 0.000000 0.688151 1.000000 1.000000 1.000000
2595.142578 2.002930 4637.502930 0.000000 0.415338 0.000000 0.909667 1.000000 1.000000 1.000000
3259.000000 1.970215 4613.078125 0.000000 -0.681527 0.000000 0.731793 1.154956 1.154956 1.154956
3206.365234 2.002197 4620.187500 0.000000 0.274301 0.000000 0.961644 1.000000 1.000000 1.000000
3239.494629 1.372803 4788.904297 0.000000 -0.524575 0.000000 0.851364 1.000000 1.000000 1.000000
3000.418945 1.119873 4679.866211 0.000000 0.414977 0.000000 0.909832 1.000000 1.000000 1.000000
3161.688965 2.092773 4508.833984 0.000000 -0.353717 0.000000 0.935353 1.192454 1.192454 1.192454
3395.332031 2.289551 4495.315430 0.000000 0.428894 0.000000 0.903355 1.242017 1.242017 1.242017
3052.622559 1.873291 4497.319336 0.000000 -0.304620 0.000000 0.952474 1.119897 1.119897 1.119897
3247.832031 1.513916 5050.019531 0.000000 -0.816565 0.000000 -0.577253 1.118066 1.118066 1.118066
3235.315918 1.306641 5084.985352 0.000000 0.347515 0.000000 0.937675 1.000000 1.000000 1.000000
3112.103516 1.837402 5144.779297 0.000000 0.000000 0.000000 1.000000 1.000000 1.000000 1.000000
3623.312500 0.654297 5218.378906 0.000000 0.367862 0.000000 0.929880 1.000000 1.000000 1.000000
3501.730469 0.511719 5091.750977 0.000000 -0.419636 0.000000 0.907692 1.000000 1.000000 1.000000
3297.719238 0.920410 5065.679688 0.000000 0.161972 0.000000 0.986795 1.000000 1.000000 1.000000
3382.958984 0.490723 4910.884766 0.000000 0.694065 0.000000 0.719912 1.000000 1.000000 1.000000
2713.607910 1.693115 3371.842773 0.000000 0.263955 0.000000 0.964535 0.909766 0.909766 0.909766
2745.449219 1.625732 3318.512451 0.000000 0.579888 0.000000 0.814696 1.000000 1.000000 1.000000
2757.245605 1.924561 3375.193359 0.000000 -0.390902 0.000000 0.920432 1.000000 1.000000 1.000000
2723.144043 1.364136 3247.240967 0.000000 -0.607899 0.000000 0.794014 1.000000 1.000000 1.000000
2722.375000 0.696899 3216.218018 0.000000 0.574830 0.000000 0.818273 1.000000 1.000000 1.000000
2749.522461 1.861084 3181.413818 0.000000 0.292154 0.000000 0.956371 1.000000 1.000000 1.000000
2810.601562 1.676147 3118.008545 0.000000 0.469486 0.000000 0.882940 1.000000 1.000000 1.000000
820.623718 2.765503 2585.515869 0.000000 0.922063 0.000000 0.387039 1.000000 1.000000 1.000000
926.474670 2.467651 2695.703125 0.000000 0.035279 0.000000 0.999377 1.000000 1.000000 1.000000
1090.675781 2.471741 2684.519531 0.000000 0.323049 0.000000 0.946382 1.000000 1.000000 1.000000
1280.975586 0.633820 2503.475098 0.000000 0.006287 0.000000 0.999980 1.000000 1.000000 1.000000
1391.594971 1.837311 2427.635742 0.000000 0.385643 0.000000 0.922648 1.000000 1.000000 1.000000
1489.963867 2.751358 2308.550537 0.000000 -0.996579 0.000000 -0.082644 1.000000 1.000000 1.000000
1533.542725 1.937057 2163.846436 0.000000 -0.764808 0.000000 0.644259 1.000000 1.000000 1.000000
1530.066162 1.300034 2093.373047 0.000000 0.614613 0.000000 0.788828 1.000000 1.000000 1.000000
3463.401367 1.192017 3550.100098 0.000000 -0.848214 0.000000 0.529654 1.158841 1.158841 1.158841
3424.419434 1.033569 3572.540771 0.000000 0.442162 0.000000 0.896935 1.000000 1.000000 1.000000
3524.004883 1.036255 3479.672607 0.000000 0.000000 0.000000 1.000000 1.000000 1.000000 1.000000
5975.893555 0.710632 3030.155518 0.000000 -0.491804 0.000000 0.870706 1.000000 1.000000 1.000000
6013.079102 0.576355 3041.186523 0.000000 0.516576 0.000000 0.856242 1.000000 1.000000 1.000000
5968.694336 0.867310 3144.837891 0.000000 0.677160 0.000000 0.735836 1.000000 1.000000 1.000000
5937.708984 0.797974 3260.302490 0.000000 -0.185564 0.000000 0.982632 1.000000 1.000000 1.000000
5979.419434 0.490967 3301.182373 0.000000 0.000000 0.000000 1.000000 1.000000 1.000000 1.000000
5228.464844 2.004028 2563.712891 0.000000 -0.149704 0.000000 0.988731 1.000000 1.000000 1.000000
5211.278320 2.309998 2559.780273 0.000000 0.000488 0.000000 1.000000 1.000000 1.000000 1.000000
5192.798340 1.552795 2564.409912 0.000000 0.280253 0.000000 0.959926 1.000000 1.000000 1.000000
5324.717773 1.908936 2911.292969 0.000000 0.458944 0.000000 0.888465 1.000000 1.000000 1.000000
5268.054199 1.881592 2971.546631 0.000000 0.429748 0.000000 0.902949 1.000000 1.000000 1.000000
4822.252930 2.454956 3098.812744 0.000000 -0.104302 0.000000 0.994546 1.000000 1.000000 1.000000
4921.725586 2.865356 3118.531982 0.000000 0.159713 0.000000 0.987163 1.000000 1.000000 1.000000
5476.287598 1.568970 3145.592041 0.000000 -0.438545 0.000000 0.898709 1.000000 1.000000 1.000000
5590.622559 1.409790 3324.736572 0.000000 -0.607535 0.000000 0.794293 1.000000 1.000000 1.000000
5607.610352 0.773315 3369.660645 0.000000 -0.031001 0.000000 0.999519 1.000000 1.000000 1.000000
5582.228516 1.676025 3359.586182 0.000000 -0.707281 0.000000 0.706933 1.000000 1.000000 1.000000
5676.538574 0.498047 3344.197510 0.000000 0.086318 0.000000 0.996268 1.000000 1.000000 1.000000
5646.717773 0.465088 3399.290283 0.000000 0.513017 0.000000 0.858378 1.000000 1.000000 1.000000
5552.266602 0.579834 3397.030518 0.000000 0.596130 0.000000 0.802888 1.000000 1.000000 1.000000
5414.846191 0.936401 3420.618408 0.000000 0.308484 0.000000 0.951230 1.000000 1.000000 1.000000
5290.697754 0.600708 3381.965576 0.000000 0.016967 0.000000 0.999856 1.000000 1.000000 1.000000
5755.561035 0.612305 3511.502197 0.000000 -0.334375 0.000000 0.942440 1.000000 1.000000 1.000000
5813.023438 0.688232 3533.812012 0.000000 -0.379411 0.000000 0.925228 1.000000 1.000000 1.000000
4568.314453 0.765747 3420.872070 0.000000 -0.373871 0.000000 0.927481 1.000000 1.000000 1.000000
4545.716797 1.159668 3255.639893 0.000000 -0.560788 0.000000 0.827960 1.000000 1.000000 1.000000
4636.264160 1.617188 3498.371826 0.000000 -0.362066 0.000000 0.932152 1.000000 1.000000 1.000000
4712.879395 0.765625 3544.241455 0.000000 -0.289497 0.000000 0.957179 1.000000 1.000000 1.000000
4642.262695 1.508057 3594.210205 0.000000 0.605789 0.000000 0.795626 1.000000 1.000000 1.000000
4786.041016 1.030273 3602.471924 0.000000 0.000000 0.000000 1.000000 1.000000 1.000000 1.000000
5248.382812 1.555176 2565.387451 0.000000 0.000000 0.000000 1.000000 1.000000 1.000000 1.000000
1548.313965 0.753906 4278.232422 0.000000 -0.531494 0.000000 0.847062 1.000000 1.000000 1.000000
"}
