object={
	name="cliff coastline 01"
	clamp_to_water_level=no
	render_under_water=yes
	generated_content=no
	layer="temp_layer"
	pdxmesh="cliff_coastline_01_mesh"
	count=12
	transform="7259.757324 -5.207947 3820.307861 -0.000000 -0.375690 -0.000000 -0.926746 0.205334 0.205334 0.205334
7246.889160 -8.310181 3813.153564 -0.000000 -0.897830 -0.000000 -0.440343 0.205334 0.205334 0.205334
7252.243652 -8.310181 3815.768799 -0.000000 -0.453956 -0.000000 -0.891024 0.205334 0.205334 0.205334
7253.110840 -3.742706 3817.275146 -0.000000 0.589585 -0.000000 -0.807706 0.205334 0.205334 0.205334
7247.755371 -4.109802 3814.685303 -0.000000 0.900470 -0.000000 0.434918 0.205334 0.205334 0.205334
7235.058105 -10.846344 3810.104248 -0.000000 -0.660103 -0.000000 -0.751175 0.205334 0.205334 0.205334
7236.721191 -10.183868 3810.640381 -0.000000 -0.098421 -0.000000 -0.995145 0.205334 0.205334 0.205334
7240.458496 -7.514496 3810.719971 -0.000000 0.861429 -0.000000 -0.507878 0.205334 0.205334 0.205334
7239.335449 -7.514496 3811.258545 -0.000000 0.861429 -0.000000 -0.507878 0.205334 0.205334 0.205334
7243.560059 -8.230652 3811.550537 -0.000000 0.957057 -0.000000 0.289902 0.205334 0.205334 0.205334
7242.033691 -6.746429 3812.284424 -0.000000 0.957057 -0.000000 0.289902 0.205334 0.205334 0.205334
7245.007324 -4.879974 3813.269287 -0.000000 0.619824 -0.000000 0.784741 0.205334 0.205334 0.205334
"}
object={
	name="cliff coastline 02"
	clamp_to_water_level=no
	render_under_water=yes
	generated_content=no
	layer="temp_layer"
	pdxmesh="cliff_coastline_02_mesh"
	count=4
	transform="110.898674 0.000000 3539.633545 0.000000 0.000000 0.000000 1.000000 1.000000 1.000000 1.000000
7249.925293 -2.094574 3815.496826 -0.000000 0.814658 -0.000000 -0.579941 0.138236 0.138236 0.138236
7251.460449 -0.798676 3816.196045 -0.000000 0.999852 -0.000000 -0.017216 0.138236 0.138236 0.138236
7256.226074 -0.798676 3818.027100 -0.000000 0.811430 -0.000000 0.584450 0.138236 0.138236 0.138236
"}
object={
	name="cliff coastline 03"
	clamp_to_water_level=no
	render_under_water=yes
	generated_content=no
	layer="temp_layer"
	pdxmesh="cliff_coastline_03_mesh"
	count=5
	transform="110.898674 0.000000 3539.633545 0.000000 0.000000 0.000000 1.000000 1.000000 1.000000 1.000000
7257.440918 -0.847015 3820.031494 -0.000000 0.927711 -0.000000 0.373300 0.120853 0.120853 0.120853
7255.753418 -0.847015 3819.175537 -0.000000 0.485787 -0.000000 0.874077 0.120853 0.120853 0.120853
7257.569824 -0.847015 3819.302002 -0.000000 0.682175 -0.000000 0.731189 0.120853 0.120853 0.120853
7257.667480 -0.847015 3818.489990 -0.000000 -0.000000 -0.000000 1.000000 0.120853 0.120853 0.120853
"}
object={
	name="cliff coastline 04"
	clamp_to_water_level=no
	render_under_water=yes
	generated_content=no
	layer="temp_layer"
	pdxmesh="cliff_coastline_04_mesh"
	count=7
	transform="110.898674 0.000000 3539.633545 0.000000 0.000000 0.000000 1.000000 1.000000 1.000000 1.000000
7262.370605 -4.598541 3822.720459 -0.000000 0.947121 -0.000000 0.320877 0.288403 0.288403 0.288403
7261.353027 -5.109619 3820.876709 -0.000000 0.869259 -0.000000 -0.494356 0.288403 0.288403 0.288403
7259.022949 -5.227631 3819.735596 -0.000000 0.592841 -0.000000 0.805319 0.288403 0.288403 0.288403
7255.120605 -4.134888 3817.432861 -0.000000 -0.245334 -0.000000 0.969439 0.288403 0.288403 0.288403
7249.796387 -4.406006 3815.171143 -0.000000 0.635974 -0.000000 0.771710 0.288403 0.288403 0.288403
7262.651855 -5.699432 3822.287842 -0.000000 -0.308077 -0.000000 0.951361 0.288403 0.288403 0.288403
"}
