object={
	name="env_coast_foam_l"
	clamp_to_water_level=yes
	render_under_water=yes
	generated_content=no
	layer="coast_foam_layer"
	entity="env_coast_foam_l"
	count=366
	transform="926.904663 0.000000 4779.003906 0.000000 0.014931 0.000000 -0.999889 1.000000 1.000000 1.000000
947.741577 0.000000 4775.700195 0.000000 -0.168239 -0.000000 -0.985746 1.000000 1.000000 1.000000
1050.756714 0.000000 4882.817383 0.000000 0.449584 0.000000 -0.893238 1.000000 1.000000 1.000000
729.356628 0.000000 4923.265625 0.000000 0.853247 0.000000 0.521509 1.000000 1.000000 1.000000
801.218567 0.000000 5358.481445 0.000000 0.309730 0.000000 -0.950824 1.000000 1.000000 1.000000
818.823792 0.000000 5368.975586 0.000000 -0.298576 0.000000 0.954386 1.000000 1.000000 1.000000
783.804016 0.000000 5403.871094 0.000000 0.997180 0.000000 0.075051 1.000000 1.000000 1.000000
849.517090 0.000000 5336.611328 0.000000 -0.999828 -0.000000 -0.018565 1.000000 1.000000 1.000000
875.160583 0.000000 5335.858398 0.000000 0.999217 0.000000 0.039559 1.000000 1.000000 1.000000
874.206177 0.000000 5261.118164 0.000000 0.426175 0.000000 -0.904640 1.000000 1.000000 1.000000
856.368896 0.000000 5241.868164 0.000000 0.359411 0.000000 -0.933179 1.000000 1.000000 1.000000
682.712158 0.000000 3651.106201 0.000000 -0.937930 0.000000 0.346824 1.000000 1.000000 1.000000
561.109802 0.000000 5156.654297 0.000000 0.992063 0.000000 0.125745 1.000000 1.000000 1.000000
534.809326 0.000000 5148.054688 0.000000 -0.943710 0.000000 -0.330775 1.000000 1.000000 1.000000
673.201843 0.000000 4753.254883 0.000000 -0.342280 0.000000 0.939598 1.000000 1.000000 1.000000
690.395691 0.000000 4901.625000 0.000000 0.959608 0.000000 0.281340 1.000000 1.000000 1.000000
779.695618 0.000000 5075.686523 0.000000 0.519382 0.000000 0.854542 1.000000 1.000000 1.000000
670.253906 0.000000 5165.576172 0.000000 0.841219 0.000000 0.540694 1.000000 1.000000 1.000000
599.013916 0.000000 5304.583008 0.000000 0.736917 0.000000 0.675983 1.000000 1.000000 1.000000
1025.688477 0.000000 4735.692383 0.000000 0.755743 0.000000 0.654868 1.000000 1.000000 1.000000
1029.753296 0.000000 4763.283203 0.000000 0.788113 0.000000 0.615530 1.000000 1.000000 1.000000
1009.880371 0.000000 4712.455078 0.000000 0.962837 0.000000 0.270083 1.000000 1.000000 1.000000
962.440186 0.000000 4699.252930 0.000000 0.977519 0.000000 0.210849 1.000000 1.000000 1.000000
988.228271 0.000000 4706.117188 0.000000 0.998488 0.000000 0.054968 1.000000 1.000000 1.000000
753.652222 0.000000 4636.333008 0.000000 0.998753 0.000000 0.049924 1.000000 1.000000 1.000000
726.322083 0.000000 4543.059570 0.000000 0.196273 0.000000 0.980549 1.000000 1.000000 1.000000
795.108154 0.000000 4201.635742 0.000000 0.964783 0.000000 -0.263047 1.000000 1.000000 1.000000
646.175537 0.000000 4214.993164 0.000000 0.995074 0.000000 -0.099130 1.000000 1.000000 1.000000
449.150818 0.000000 4100.370117 0.000000 0.651590 0.000000 0.758571 1.000000 1.000000 1.000000
459.413757 0.000000 3997.185303 0.000000 0.756263 0.000000 0.654268 1.000000 1.000000 1.000000
461.173462 0.000000 3801.816895 0.000000 0.694946 0.000000 0.719062 1.000000 1.000000 1.000000
572.089905 0.000000 3759.718262 0.000000 0.195839 0.000000 0.980636 1.000000 1.000000 1.000000
605.522400 0.000000 3712.222412 0.000000 0.497698 0.000000 0.867351 1.000000 1.000000 1.000000
374.434052 0.000000 3265.225830 0.000000 0.926594 0.000000 0.376063 1.000000 1.000000 1.000000
618.749329 0.000000 3644.769775 0.000000 0.790325 0.000000 0.612688 1.000000 1.000000 1.000000
1216.759155 0.000000 4906.048828 0.000000 0.805123 0.000000 0.593108 1.000000 1.000000 1.000000
1265.017456 0.000000 4967.535156 0.000000 0.990350 0.000000 0.138586 1.000000 1.000000 1.000000
1441.946655 0.000000 5158.367188 0.000000 0.734100 0.000000 0.679041 1.000000 1.000000 1.000000
1782.190430 0.000000 5140.789062 0.000000 0.111584 0.000000 0.993755 1.000000 1.000000 1.000000
1839.446167 0.000000 5161.555664 0.000000 -0.552523 0.000000 0.833498 1.000000 1.000000 1.000000
1847.978027 0.000000 5188.174805 0.000000 -0.571003 0.000000 0.820948 1.000000 1.000000 1.000000
1857.584595 0.000000 5214.960938 0.000000 -0.622622 0.000000 0.782523 1.000000 1.000000 1.000000
1841.360229 0.000000 5249.535156 0.000000 -0.706590 0.000000 0.707623 1.000000 1.000000 1.000000
1843.535034 0.000000 5273.827148 0.000000 -0.696040 0.000000 0.718003 1.000000 1.000000 1.000000
1846.988770 0.000000 5303.387695 0.000000 -0.693999 0.000000 0.719976 1.000000 1.000000 1.000000
1859.655762 0.000000 5322.044922 0.000000 -0.294400 0.000000 0.955682 1.000000 1.000000 1.000000
1853.890747 0.000000 5473.075195 0.000000 -0.802545 0.000000 0.596592 1.000000 1.000000 1.000000
1850.106812 0.000000 5501.779297 0.000000 -0.741905 0.000000 0.670505 1.000000 1.000000 1.000000
1856.681030 0.000000 5549.152344 0.000000 -0.616658 0.000000 0.787232 1.000000 1.000000 1.000000
1989.755371 0.000000 5683.805664 0.000000 -0.343620 0.000000 0.939109 1.000000 1.000000 1.000000
1989.158691 0.000000 5713.451172 0.000000 -0.879698 0.000000 0.475534 1.000000 1.000000 1.000000
2116.244385 0.000000 5755.277344 0.000000 0.280224 0.000000 0.959935 1.000000 1.000000 1.000000
1988.943848 0.000000 5579.987305 0.000000 0.687578 0.000000 0.726111 0.983643 0.983643 0.983643
1995.413330 0.000000 5558.008789 0.000000 0.487333 0.000000 0.873216 1.000000 1.000000 1.000000
2002.056641 0.000000 5539.968750 0.000000 0.589198 0.000000 0.807989 1.000000 1.000000 1.000000
2006.864746 0.000000 5517.282227 0.000000 0.609957 0.000000 0.792435 1.000000 1.000000 1.000000
1741.945679 0.000000 4993.159180 0.000000 0.980517 0.000000 0.196433 1.000000 1.000000 1.000000
1888.491089 0.000000 5046.670898 0.000000 0.996885 0.000000 0.078863 1.000000 1.000000 1.000000
1940.467041 0.000000 5041.433594 0.000000 -0.970656 0.000000 0.240474 1.000000 1.000000 1.000000
2081.449707 0.000000 5244.547852 0.000000 0.986095 0.000000 0.166183 1.000000 1.000000 1.000000
2248.340576 0.000000 5412.120117 0.000000 -0.085923 0.000000 0.996302 1.000000 1.000000 1.000000
2217.485352 0.000000 5409.695312 0.000000 -0.117495 0.000000 0.993073 1.000000 1.000000 1.000000
2188.566650 0.000000 5401.488281 0.000000 -0.214089 0.000000 0.976814 1.000000 1.000000 1.000000
2159.384766 0.000000 5396.628906 0.000000 -0.178512 0.000000 0.983938 1.000000 1.000000 1.000000
2137.487061 0.000000 5389.451172 0.000000 -0.113676 0.000000 0.993518 1.000000 1.000000 1.000000
1456.398193 0.000000 5298.570312 0.000000 -0.083749 0.000000 0.996487 1.000000 1.000000 1.000000
1489.363647 0.000000 5316.424805 0.000000 -0.339519 0.000000 0.940599 1.000000 1.000000 1.000000
1504.845947 0.000000 5328.536133 0.000000 -0.339519 0.000000 0.940599 1.000000 1.000000 1.000000
1521.480835 0.000000 5342.548828 0.000000 -0.339519 0.000000 0.940599 1.000000 1.000000 1.000000
2379.792480 0.000000 6019.088867 0.000000 0.971470 0.000000 -0.237164 1.000000 1.000000 1.000000
2407.952637 0.000000 6005.200195 0.000000 0.976551 0.000000 -0.215286 1.000000 1.000000 1.000000
2457.464111 0.000000 5977.119141 0.000000 0.962434 0.000000 -0.271516 1.000000 1.000000 1.000000
2496.423340 0.000000 5961.318359 0.000000 0.972984 0.000000 -0.230874 1.000000 1.000000 1.000000
2543.405518 0.000000 5906.941406 0.000000 -0.786556 0.000000 0.617519 1.000000 1.000000 1.000000
2538.673096 0.000000 5876.452148 0.000000 0.551600 0.000000 -0.834109 1.000000 1.000000 1.000000
2509.750488 0.000000 5834.997070 0.000000 -0.259861 0.000000 0.965646 1.000000 1.000000 1.000000
2474.255371 0.000000 5823.110352 0.000000 -0.003296 0.000000 0.999995 1.000000 1.000000 1.000000
2430.598389 0.000000 5828.689453 0.000000 -0.019530 0.000000 0.999809 1.000000 1.000000 1.000000
2389.275879 0.000000 5836.124023 0.000000 0.252191 0.000000 0.967677 1.000000 1.000000 1.000000
2373.193604 0.000000 5815.278320 0.000000 0.961567 0.000000 -0.274569 1.000000 1.000000 1.000000
2393.684570 0.000000 5778.178711 0.000000 -0.636257 0.000000 0.771478 1.000000 1.000000 1.000000
2403.329102 0.000000 5739.234375 0.000000 -0.846057 0.000000 0.533092 1.000000 1.000000 1.000000
2470.756104 0.000000 5678.512695 0.000000 -0.997404 0.000000 0.072016 1.000000 1.000000 1.000000
2465.871582 0.000000 5712.623047 0.000000 0.417308 0.000000 0.908765 1.000000 1.000000 1.000000
2471.745117 0.000000 5759.291992 0.000000 0.980341 0.000000 -0.197310 1.000000 1.000000 1.000000
2545.052734 0.000000 5767.934570 0.000000 0.382515 0.000000 0.923949 1.000000 1.000000 1.000000
2526.947754 0.000000 5804.078125 0.000000 0.759741 0.000000 0.650226 1.000000 1.000000 1.000000
230.066589 0.000000 5877.370117 0.000000 0.090659 0.000000 0.995882 1.000000 1.000000 1.000000
255.508118 0.000000 5857.689453 0.000000 0.492008 0.000000 0.870591 1.000000 1.000000 1.000000
274.025452 0.000000 5839.339844 0.000000 0.286870 0.000000 0.957969 1.000000 1.000000 1.000000
305.614288 0.000000 5825.591797 0.000000 0.055814 0.000000 0.998441 1.000000 1.000000 1.000000
341.708191 0.000000 5833.603516 0.000000 -0.255243 0.000000 0.966877 1.000000 1.000000 1.000000
395.658325 0.000000 5848.550781 0.000000 -0.316362 0.000000 0.948639 1.000000 1.000000 1.000000
216.672211 0.000000 3117.177979 0.000000 0.819058 0.000000 0.573711 1.000000 1.000000 1.000000
257.152802 0.000000 3169.343994 0.000000 0.959576 0.000000 0.281450 1.000000 1.000000 1.000000
278.339081 0.000000 3205.074463 0.000000 -0.835402 0.000000 -0.549640 1.000000 1.000000 1.000000
320.727875 0.000000 3244.332275 0.000000 0.998854 0.000000 0.047863 1.000000 1.000000 1.000000
110.395050 0.000000 2918.076416 0.000000 0.773062 0.000000 0.634330 1.000000 1.000000 1.000000
3629.188721 0.000000 2231.889160 0.000000 -0.412226 0.000000 0.911081 1.000000 1.000000 1.000000
3614.253662 0.000000 2213.393555 0.000000 -0.412226 0.000000 0.911081 1.000000 1.000000 1.000000
3599.722656 0.000000 2197.407227 0.000000 -0.412226 0.000000 0.911081 1.000000 1.000000 1.000000
3586.451660 0.000000 2181.974121 0.000000 -0.412226 0.000000 0.911081 1.000000 1.000000 1.000000
3572.308838 0.000000 2164.644775 0.000000 -0.412226 0.000000 0.911081 1.000000 1.000000 1.000000
3553.993652 0.000000 2142.975098 0.000000 -0.412226 0.000000 0.911081 1.000000 1.000000 1.000000
3536.517090 0.000000 2121.566162 0.000000 -0.412226 0.000000 0.911081 1.000000 1.000000 1.000000
3696.735840 0.000000 2505.140381 0.000000 0.991323 0.000000 0.131450 1.000000 1.000000 1.000000
3624.856445 0.000000 2490.740234 0.000000 -0.980202 0.000000 -0.197998 1.000000 1.000000 1.000000
3603.550049 0.000000 2485.993164 0.000000 -0.998467 0.000000 -0.055348 1.000000 1.000000 1.000000
3529.071045 0.000000 2466.182617 0.000000 -0.996867 0.000000 0.079093 1.000000 1.000000 1.000000
3483.703369 0.000000 2461.239014 0.000000 0.975336 0.000000 0.220727 1.000000 1.000000 1.000000
3172.000244 0.000000 2733.135254 0.000000 -0.780870 0.000000 0.624694 1.000000 1.000000 1.000000
3162.677246 0.000000 2762.961182 0.000000 -0.812499 0.000000 0.582963 1.000000 1.000000 1.000000
3148.890137 0.000000 2790.819580 0.000000 -0.869203 0.000000 0.494455 1.000000 1.000000 1.000000
3053.699951 0.000000 2955.931885 0.000000 -0.926337 0.000000 0.376695 1.000000 1.000000 1.000000
2926.997559 0.000000 3131.633545 0.000000 -0.850902 0.000000 0.525324 1.000000 1.000000 1.000000
2913.140137 0.000000 3149.687256 0.000000 -0.911912 0.000000 0.410386 1.000000 1.000000 1.000000
2898.874756 0.000000 3170.030518 0.000000 -0.865528 0.000000 0.500861 1.000000 1.000000 1.000000
2892.069092 0.000000 3190.589111 0.000000 -0.752351 0.000000 0.658763 1.000000 1.000000 1.000000
2646.491455 0.000000 3355.231201 0.000000 0.968398 0.000000 0.249410 1.000000 1.000000 1.000000
2585.270020 0.000000 3357.931885 0.000000 0.999835 0.000000 0.018183 1.000000 1.000000 1.000000
2557.652588 0.000000 3359.007080 0.000000 -0.999502 0.000000 0.031545 1.000000 1.000000 1.000000
2526.736816 0.000000 3367.774658 0.000000 0.998298 0.000000 -0.058321 1.000000 1.000000 1.000000
2501.391602 0.000000 3370.369873 0.000000 0.999050 0.000000 -0.043570 1.000000 1.000000 1.000000
2453.723877 0.000000 3371.765381 0.000000 0.997441 0.000000 0.071498 1.000000 1.000000 1.000000
2396.761719 0.000000 3384.439697 0.000000 -0.999038 0.000000 -0.043844 1.000000 1.000000 1.000000
2373.199463 0.000000 3384.751221 0.000000 0.999458 0.000000 -0.032927 1.000000 1.000000 1.000000
2337.577637 0.000000 3390.519287 0.000000 -1.000000 0.000000 -0.000859 1.000000 1.000000 1.000000
2295.285889 0.000000 3417.680908 0.000000 -0.994243 0.000000 0.107150 1.000000 1.000000 1.000000
2267.864990 0.000000 3424.622070 0.000000 -0.997348 0.000000 0.072777 1.000000 1.000000 1.000000
2135.218262 0.000000 3313.517090 0.000000 0.885664 0.000000 0.464328 1.000000 1.000000 1.000000
2122.165039 0.000000 3298.480713 0.000000 -0.946253 0.000000 -0.323428 1.000000 1.000000 1.000000
1932.168945 0.000000 3322.640869 0.000000 -0.999368 0.000000 0.035541 1.000000 1.000000 1.000000
1912.780029 0.000000 3326.577881 0.000000 -0.990546 0.000000 0.137181 1.000000 1.000000 1.000000
1951.396729 0.000000 3322.181396 0.000000 -0.999630 0.000000 0.027214 1.000000 1.000000 1.000000
1977.017578 0.000000 3319.783447 0.000000 -0.995510 0.000000 0.094656 1.000000 1.000000 1.000000
1624.638184 0.000000 3544.100830 0.000000 -0.548447 0.000000 0.836186 1.000000 1.000000 1.000000
1623.333862 0.000000 3571.578369 0.000000 -0.749580 0.000000 0.661914 1.000000 1.000000 1.000000
1568.609863 0.000000 3674.470947 0.000000 -0.874516 0.000000 0.484996 1.000000 1.000000 1.000000
1522.154663 0.000000 3701.647705 0.000000 0.993977 0.000000 0.109592 1.000000 1.000000 1.000000
1490.522827 0.000000 3688.867432 0.000000 0.954276 0.000000 0.298928 1.000000 1.000000 1.000000
1238.291626 0.000000 3697.488037 0.000000 0.998326 0.000000 -0.057833 1.000000 1.000000 1.000000
1213.412842 0.000000 3700.467041 0.000000 -0.997921 0.000000 0.064450 1.000000 1.000000 1.000000
1099.475098 0.000000 3688.324951 0.000000 0.997837 0.000000 0.065744 1.000000 1.000000 1.000000
1078.980957 0.000000 3688.152100 0.000000 0.999957 0.000000 -0.009282 1.000000 1.000000 1.000000
699.298035 0.000000 3638.392334 0.000000 0.968794 0.000000 -0.247867 1.000000 1.000000 1.000000
524.149048 0.000000 3542.205566 0.000000 0.985909 0.000000 0.167281 1.000000 1.000000 1.000000
1583.818848 0.000000 3470.477295 0.000000 -0.914461 0.000000 0.404673 1.000000 1.000000 1.000000
1694.366821 0.000000 3412.604736 0.000000 0.945127 0.000000 -0.326704 1.000000 1.000000 1.000000
139.279480 0.000000 2682.803711 0.000000 0.693679 0.000000 0.720284 1.000000 1.000000 1.000000
147.250763 0.000000 2715.708008 0.000000 0.863993 0.000000 0.503505 1.000000 1.000000 1.000000
140.701050 0.000000 2502.984619 0.000000 0.349338 0.000000 0.936997 1.000000 1.000000 1.000000
377.100586 0.000000 2249.902344 0.000000 0.137211 0.000000 0.990542 1.000000 1.000000 1.000000
397.499634 0.000000 2242.769043 0.000000 0.187164 0.000000 0.982329 1.000000 1.000000 1.000000
418.983826 0.000000 2232.697754 0.000000 0.249617 0.000000 0.968345 1.000000 1.000000 1.000000
1482.818726 0.000000 2090.322510 0.000000 0.435636 0.000000 0.900123 1.000000 1.000000 1.000000
1466.935791 0.000000 2115.395264 0.000000 0.399802 0.000000 0.916602 1.000000 1.000000 1.000000
1441.558350 0.000000 2151.479492 0.000000 0.461857 0.000000 0.886955 1.000000 1.000000 1.000000
1424.344727 0.000000 2177.339600 0.000000 0.325704 0.000000 0.945472 1.000000 1.000000 1.000000
1301.399658 0.000000 2191.005859 0.000000 -0.012619 0.000000 0.999920 1.000000 1.000000 1.000000
1323.731934 0.000000 2192.586426 0.000000 0.001755 0.000000 0.999998 1.000000 1.000000 1.000000
1347.604736 0.000000 2192.480957 0.000000 0.051262 0.000000 0.998685 1.000000 1.000000 1.000000
1119.057861 0.000000 2147.039795 0.000000 -0.248749 0.000000 0.968568 1.000000 1.000000 1.000000
1094.650146 0.000000 2136.284180 0.000000 -0.118980 0.000000 0.992897 1.000000 1.000000 1.000000
1034.742798 0.000000 2118.219238 0.000000 -0.182699 0.000000 0.983169 1.000000 1.000000 1.000000
988.935547 0.000000 2125.995850 0.000000 0.077947 0.000000 0.996958 1.000000 1.000000 1.000000
959.125366 0.000000 2131.515137 0.000000 0.032747 0.000000 0.999464 1.000000 1.000000 1.000000
884.405334 0.000000 2137.874023 0.000000 -0.062513 0.000000 0.998044 1.000000 1.000000 1.000000
855.339722 0.000000 2136.063965 0.000000 -0.071586 0.000000 0.997434 1.000000 1.000000 1.000000
820.931946 0.000000 2134.486328 0.000000 -0.060114 0.000000 0.998192 1.000000 1.000000 1.000000
789.861511 0.000000 2130.080566 0.000000 -0.097220 0.000000 0.995263 1.000000 1.000000 1.000000
550.670654 0.000000 2149.512939 0.000000 0.334066 0.000000 0.942550 1.000000 1.000000 1.000000
588.625244 0.000000 2126.970215 0.000000 0.228783 0.000000 0.973477 1.000000 1.000000 1.000000
628.579468 0.000000 2108.915039 0.000000 0.157529 0.000000 0.987514 1.000000 1.000000 1.000000
691.904297 0.000000 2101.763672 0.000000 -0.205959 0.000000 0.978561 1.000000 1.000000 1.000000
711.312134 0.000000 2109.882568 0.000000 -0.222488 0.000000 0.974936 1.000000 1.000000 1.000000
3757.930420 0.000000 2445.235596 0.000000 -0.718240 0.000000 0.695795 1.000000 1.000000 1.000000
741.158569 0.000000 3726.004395 0.000000 0.017585 0.000000 0.999845 1.000000 1.000000 1.000000
757.984375 0.000000 3722.999268 0.000000 0.118564 0.000000 0.992946 1.000000 1.000000 1.000000
787.619141 0.000000 3721.659424 0.000000 0.061957 0.000000 0.998079 1.000000 1.000000 1.000000
863.106079 0.000000 3741.348389 0.000000 -0.578402 0.000000 0.815752 1.000000 1.000000 1.000000
880.799438 0.000000 3760.140869 0.000000 -0.300650 0.000000 0.953735 1.000000 1.000000 1.000000
941.301636 0.000000 3821.242676 0.000000 -0.473120 0.000000 0.880998 1.000000 1.000000 1.000000
961.734863 0.000000 3939.517822 0.000000 -0.430471 0.000000 0.902604 1.000000 1.000000 1.000000
973.974121 0.000000 3955.195557 0.000000 -0.474698 0.000000 0.880149 1.000000 1.000000 1.000000
1005.838135 0.000000 4007.285889 0.000000 -0.352353 0.000000 0.935867 1.000000 1.000000 1.000000
1098.179077 0.000000 4041.964111 0.000000 -0.212375 0.000000 0.977188 1.000000 1.000000 1.000000
1115.852905 0.000000 4051.667236 0.000000 -0.260554 0.000000 0.965459 1.000000 1.000000 1.000000
1423.048706 0.000000 4220.241211 0.000000 -0.357353 0.000000 0.933969 1.000000 1.000000 1.000000
1480.423462 0.000000 4217.932617 0.000000 0.286004 0.000000 0.958228 1.000000 1.000000 1.000000
1498.013672 0.000000 4207.542969 0.000000 0.212583 0.000000 0.977143 1.000000 1.000000 1.000000
1582.263672 0.000000 4090.135254 0.000000 0.363261 0.000000 0.931688 1.000000 1.000000 1.000000
1491.516235 0.000000 4106.837891 0.000000 -0.717390 0.000000 0.696672 1.000000 1.000000 1.000000
1498.715698 0.000000 4074.850098 0.000000 -0.728073 0.000000 0.685500 1.000000 1.000000 1.000000
1496.557983 0.000000 4043.709229 0.000000 -0.641316 0.000000 0.767277 1.000000 1.000000 1.000000
1520.157837 0.000000 3941.464111 0.000000 -0.838657 0.000000 0.544661 1.000000 1.000000 1.000000
1772.895874 0.000000 4075.515625 0.000000 -0.931145 0.000000 0.364649 1.000000 1.000000 1.000000
1756.353149 0.000000 4096.291016 0.000000 -0.874146 0.000000 0.485663 1.000000 1.000000 1.000000
1741.190063 0.000000 4130.360352 0.000000 -0.821977 0.000000 0.569520 1.000000 1.000000 1.000000
1730.709229 0.000000 4152.696289 0.000000 -0.835828 0.000000 0.548991 1.000000 1.000000 1.000000
1798.130859 0.000000 4199.376953 0.000000 -0.397375 0.000000 -0.917656 1.000000 1.000000 1.000000
1950.226074 0.000000 4101.676758 0.000000 0.106851 0.000000 0.994275 1.000000 1.000000 1.000000
2074.854248 0.000000 3915.205078 0.000000 0.332448 0.000000 0.943122 1.000000 1.000000 1.000000
2346.195312 0.000000 3576.395508 0.000000 0.050942 0.000000 0.998702 1.000000 1.000000 1.000000
2368.560303 0.000000 3575.508057 0.000000 -0.022123 0.000000 0.999755 1.000000 1.000000 1.000000
2414.319824 0.000000 3562.505371 0.000000 -0.069372 0.000000 0.997591 1.000000 1.000000 1.000000
2439.545654 0.000000 3567.384277 0.000000 -0.042895 0.000000 0.999080 1.000000 1.000000 1.000000
2935.296387 0.000000 3475.559326 0.000000 0.762887 0.000000 0.646531 1.000000 1.000000 1.000000
2959.497314 0.000000 3550.243652 0.000000 0.779056 0.000000 0.626955 1.000000 1.000000 1.000000
2849.170166 0.000000 3682.862549 0.000000 -0.148195 0.000000 0.988958 1.000000 1.000000 1.000000
2806.148438 0.000000 3675.419434 0.000000 0.195839 0.000000 0.980636 1.000000 1.000000 1.000000
2785.527344 0.000000 3691.227539 0.000000 0.421630 0.000000 0.906768 1.000000 1.000000 1.000000
2766.960693 0.000000 3703.908936 0.000000 0.153655 0.000000 0.988125 1.000000 1.000000 1.000000
2728.885254 0.000000 3714.141846 0.000000 0.027706 0.000000 0.999616 1.000000 1.000000 1.000000
2705.388428 0.000000 3702.056641 0.000000 -0.655707 0.000000 0.755016 1.000000 1.000000 1.000000
2293.823242 0.000000 3706.721436 0.000000 -0.831912 0.000000 0.554908 1.000000 1.000000 1.000000
2620.189209 0.000000 4026.572021 0.000000 -0.997274 0.000000 0.073781 1.000000 1.000000 1.000000
2677.280029 0.000000 4026.545166 0.000000 -0.996265 0.000000 0.086344 1.000000 1.000000 1.000000
2728.934082 0.000000 4048.062988 0.000000 -0.947743 0.000000 -0.319035 1.000000 1.000000 1.000000
2750.309326 0.000000 4063.959961 0.000000 -0.949548 0.000000 -0.313622 1.000000 1.000000 1.000000
2770.283447 0.000000 4078.962158 0.000000 -0.966300 0.000000 -0.257419 1.000000 1.000000 1.000000
2794.114014 0.000000 4089.283203 0.000000 -0.973300 0.000000 -0.229537 1.000000 1.000000 1.000000
2825.842041 0.000000 4098.437500 0.000000 -0.999953 0.000000 -0.009648 1.000000 1.000000 1.000000
2853.314941 0.000000 4099.357422 0.000000 -0.999898 0.000000 0.014247 1.000000 1.000000 1.000000
2875.225830 0.000000 4100.420898 0.000000 -0.999995 0.000000 0.003200 1.000000 1.000000 1.000000
3209.531250 0.000000 4132.599609 0.000000 0.498221 0.000000 0.867050 1.000000 1.000000 1.000000
3199.735352 0.000000 4154.400391 0.000000 -0.562260 0.000000 -0.826961 1.000000 1.000000 1.000000
3171.136230 0.000000 4188.070312 0.000000 0.383643 0.000000 0.923482 1.000000 1.000000 1.000000
3153.377930 0.000000 4195.912109 0.000000 -0.104706 0.000000 -0.994503 1.000000 1.000000 1.000000
3131.774170 0.000000 4207.235352 0.000000 -0.296566 0.000000 -0.955012 1.000000 1.000000 1.000000
3109.881836 0.000000 4222.807617 0.000000 -0.339355 0.000000 -0.940658 1.000000 1.000000 1.000000
3078.673340 0.000000 4251.155273 0.000000 -0.349097 0.000000 -0.937087 1.000000 1.000000 1.000000
3054.980225 0.000000 4269.608398 0.000000 -0.247915 0.000000 -0.968782 1.000000 1.000000 1.000000
3030.165771 0.000000 4279.354492 0.000000 -0.109409 0.000000 -0.993997 1.000000 1.000000 1.000000
3007.105469 0.000000 4291.409180 0.000000 0.272657 0.000000 0.962111 1.000000 1.000000 1.000000
2984.885742 0.000000 4299.565430 0.000000 0.119223 0.000000 0.992868 1.000000 1.000000 1.000000
2950.967773 0.000000 4324.904297 0.000000 0.170850 0.000000 0.985297 1.000000 1.000000 1.000000
2910.520752 0.000000 4320.398438 0.000000 -0.102693 0.000000 0.994713 1.000000 1.000000 1.000000
2887.152344 0.000000 4322.773438 0.000000 0.226443 0.000000 0.974024 1.000000 1.000000 1.000000
2872.887451 0.000000 4315.264648 0.000000 -0.461112 0.000000 0.887342 1.000000 1.000000 1.000000
2848.488281 0.000000 4298.071289 0.000000 -0.096954 0.000000 0.995289 1.000000 1.000000 1.000000
2829.508057 0.000000 4279.582031 0.000000 -0.408163 0.000000 0.912909 1.000000 1.000000 1.000000
2793.200684 0.000000 4271.490234 0.000000 0.244949 0.000000 0.969536 1.000000 1.000000 1.000000
2781.997070 0.000000 4294.696289 0.000000 0.652359 0.000000 0.757910 1.000000 1.000000 1.000000
2777.375488 0.000000 4313.712891 0.000000 0.499596 0.000000 0.866259 1.000000 1.000000 1.000000
2751.251465 0.000000 4328.506836 0.000000 0.323828 0.000000 0.946116 1.000000 1.000000 1.000000
2724.864014 0.000000 4349.368164 0.000000 0.925669 0.000000 0.378334 1.000000 1.000000 1.000000
2745.107422 0.000000 4367.587891 0.000000 -0.955465 0.000000 -0.295105 1.000000 1.000000 1.000000
2750.358887 0.000000 4386.848633 0.000000 -0.138358 0.000000 -0.990382 1.000000 1.000000 1.000000
2713.222168 0.000000 4384.975586 0.000000 0.056245 0.000000 0.998417 1.000000 1.000000 1.000000
2689.621094 0.000000 4394.072266 0.000000 0.356513 0.000000 0.934291 1.000000 1.000000 1.000000
2649.210693 0.000000 4422.125977 0.000000 -0.036277 0.000000 0.999342 1.000000 1.000000 1.000000
2634.096191 0.000000 4417.779297 0.000000 -0.219333 0.000000 0.975650 1.000000 1.000000 1.000000
2623.187500 0.000000 4405.608398 0.000000 -0.585938 0.000000 0.810356 1.000000 1.000000 1.000000
2531.021240 0.000000 4167.681641 0.000000 -0.609086 0.000000 0.793104 1.000000 1.000000 1.000000
2530.007568 0.000000 4142.499023 0.000000 -0.692019 0.000000 0.721879 1.000000 1.000000 1.000000
2519.914307 0.000000 4108.260742 0.000000 -0.875041 0.000000 0.484048 1.000000 1.000000 1.000000
2533.222900 0.000000 4089.032471 0.000000 -0.897839 0.000000 0.440323 1.000000 1.000000 1.000000
2953.392090 0.000000 3242.052979 0.000000 0.186223 0.000000 0.982507 1.000000 1.000000 1.000000
2967.348633 0.000000 3230.036377 0.000000 0.483758 0.000000 0.875202 1.000000 1.000000 1.000000
3030.954834 0.000000 3138.065430 0.000000 0.222755 0.000000 0.974874 1.000000 1.000000 1.000000
3083.833008 0.000000 3082.209229 0.000000 0.160195 0.000000 0.987085 1.000000 1.000000 1.000000
3140.552002 0.000000 3025.388916 0.000000 0.531158 0.000000 0.847273 1.000000 1.000000 1.000000
3144.193359 0.000000 3003.145264 0.000000 0.751647 0.000000 0.659566 1.000000 1.000000 1.000000
3147.778320 0.000000 2972.760498 0.000000 0.623863 0.000000 0.781534 1.000000 1.000000 1.000000
3168.362061 0.000000 2932.266113 0.000000 0.416975 0.000000 0.908918 1.000000 1.000000 1.000000
3284.994873 0.000000 2810.241211 0.000000 0.437393 0.000000 0.899270 1.000000 1.000000 1.000000
3301.934814 0.000000 2795.414307 0.000000 0.353574 0.000000 0.935407 1.000000 1.000000 1.000000
3420.572998 0.000000 2551.903564 0.000000 -0.011780 0.000000 0.999931 1.000000 1.000000 1.000000
3508.251221 0.000000 2588.180420 0.000000 -0.098230 0.000000 0.995164 1.000000 1.000000 1.000000
3567.573730 0.000000 2598.254883 0.000000 -0.133511 0.000000 0.991047 1.000000 1.000000 1.000000
3596.810059 0.000000 2615.640869 0.000000 -0.178062 0.000000 0.984019 1.000000 1.000000 1.000000
3619.054199 0.000000 2617.157715 0.000000 -0.010376 0.000000 0.999946 1.000000 1.000000 1.000000
3667.174316 0.000000 2650.025635 0.000000 -0.216861 0.000000 0.976203 1.000000 1.000000 1.000000
3690.364258 0.000000 2661.674072 0.000000 -0.196617 0.000000 0.980480 1.000000 1.000000 1.000000
3730.205566 0.000000 2675.729736 0.000000 -0.169917 0.000000 0.985458 1.000000 1.000000 1.000000
3750.067871 0.000000 2682.777344 0.000000 -0.177911 0.000000 0.984047 1.000000 1.000000 1.000000
3768.825195 0.000000 2690.165771 0.000000 -0.163960 0.000000 0.986467 1.000000 1.000000 1.000000
3898.538574 0.000000 2781.594238 0.000000 -0.081513 0.000000 0.996672 1.000000 1.000000 1.000000
3879.013672 0.000000 2774.571777 0.000000 -0.206750 0.000000 0.978394 1.000000 1.000000 1.000000
3858.096436 0.000000 2767.792236 0.000000 -0.161912 0.000000 0.986805 1.000000 1.000000 1.000000
3840.751465 0.000000 2760.650879 0.000000 -0.161912 0.000000 0.986805 1.000000 1.000000 1.000000
4136.469238 0.000000 3104.747314 0.000000 -0.931844 0.000000 0.362858 1.000000 1.000000 1.000000
4123.985352 0.000000 3118.580811 0.000000 -0.921338 0.000000 0.388762 1.000000 1.000000 1.000000
4107.108398 0.000000 3136.344971 0.000000 -0.910643 0.000000 0.413195 1.000000 1.000000 1.000000
4008.095215 0.000000 3169.845947 0.000000 -0.935570 0.000000 0.353142 1.000000 1.000000 1.000000
3954.645264 0.000000 3260.114258 0.000000 0.834931 0.000000 0.550355 1.000000 1.000000 1.000000
3926.360352 0.000000 3224.270752 0.000000 0.885706 0.000000 0.464246 1.000000 1.000000 1.000000
3713.807861 0.000000 3238.100830 0.000000 0.873099 0.000000 0.487543 1.000000 1.000000 1.000000
3648.422607 0.000000 3445.849854 0.000000 -0.335267 0.000000 0.942123 1.000000 1.000000 1.000000
3673.244629 0.000000 3429.174561 0.000000 0.415838 0.000000 0.909439 1.000000 1.000000 1.000000
3683.097656 0.000000 3419.324463 0.000000 0.408915 0.000000 0.912573 1.000000 1.000000 1.000000
3696.343018 0.000000 3389.444092 0.000000 0.451880 0.000000 0.892079 1.000000 1.000000 1.000000
3710.923828 0.000000 3368.603271 0.000000 0.566057 0.000000 0.824366 1.000000 1.000000 1.000000
3768.740234 0.000000 3327.450928 0.000000 0.219779 0.000000 0.975550 1.000000 1.000000 1.000000
3795.884277 0.000000 3305.134277 0.000000 0.276384 0.000000 0.961047 1.000000 1.000000 1.000000
3818.611084 0.000000 3295.795166 0.000000 0.184574 0.000000 0.982819 1.000000 1.000000 1.000000
3851.842773 0.000000 3283.050537 0.000000 -0.102633 0.000000 0.994719 1.000000 1.000000 1.000000
3887.525146 0.000000 3277.373047 0.000000 0.136475 0.000000 0.990644 1.000000 1.000000 1.000000
3905.953369 0.000000 3283.205322 0.000000 -0.358821 0.000000 0.933406 1.000000 1.000000 1.000000
3996.183105 0.000000 3307.548584 0.000000 0.359191 0.000000 0.933264 1.000000 1.000000 1.000000
4035.862793 0.000000 3247.143555 0.000000 0.045974 0.000000 0.998943 1.000000 1.000000 1.000000
4068.806152 0.000000 3242.725342 0.000000 -0.016448 0.000000 0.999865 1.000000 1.000000 1.000000
4086.759277 0.000000 3243.844971 0.000000 -0.012664 0.000000 0.999920 1.000000 1.000000 1.000000
4123.770508 0.000000 3239.577881 0.000000 0.066540 0.000000 0.997784 1.000000 1.000000 1.000000
4151.470215 0.000000 3237.877686 0.000000 -0.036674 0.000000 0.999327 1.000000 1.000000 1.000000
4177.410156 0.000000 3238.655762 0.000000 0.056123 0.000000 0.998424 1.000000 1.000000 1.000000
4195.136230 0.000000 3236.967529 0.000000 0.063678 0.000000 0.997971 1.000000 1.000000 1.000000
4216.547363 0.000000 3232.587646 0.000000 0.110977 0.000000 0.993823 1.000000 1.000000 1.000000
4283.196289 0.000000 3244.897705 0.000000 -0.098777 0.000000 0.995110 1.000000 1.000000 1.000000
4338.981445 0.000000 3260.552490 0.000000 -0.086257 0.000000 0.996273 1.000000 1.000000 1.000000
4365.037109 0.000000 3258.935791 0.000000 0.006775 0.000000 0.999977 1.000000 1.000000 1.000000
4397.031250 0.000000 3265.440186 0.000000 -0.044846 0.000000 0.998994 1.000000 1.000000 1.000000
4418.924316 0.000000 3269.821045 0.000000 -0.099141 0.000000 0.995073 1.000000 1.000000 1.000000
4443.563965 0.000000 3275.767334 0.000000 -0.156640 0.000000 0.987656 1.000000 1.000000 1.000000
4821.535156 0.000000 3077.384277 0.000000 0.531805 0.000000 0.846867 1.000000 1.000000 1.000000
4820.854492 0.000000 3051.749756 0.000000 0.773031 0.000000 0.634368 1.000000 1.000000 1.000000
4824.992676 0.000000 3012.949707 0.000000 0.555318 0.000000 0.831638 1.000000 1.000000 1.000000
4831.158203 0.000000 2992.774902 0.000000 0.648790 0.000000 0.760967 1.000000 1.000000 1.000000
4839.970703 0.000000 2956.633789 0.000000 0.618050 0.000000 0.786139 1.000000 1.000000 1.000000
4848.924805 0.000000 2931.062500 0.000000 0.528544 0.000000 0.848906 1.000000 1.000000 1.000000
4858.863281 0.000000 2908.181152 0.000000 0.566887 0.000000 0.823795 1.000000 1.000000 1.000000
4868.915527 0.000000 2880.752686 0.000000 0.599115 0.000000 0.800663 1.000000 1.000000 1.000000
4874.114746 0.000000 2858.150391 0.000000 0.620686 0.000000 0.784060 1.000000 1.000000 1.000000
4881.097168 0.000000 2840.284180 0.000000 0.533716 0.000000 0.845664 1.000000 1.000000 1.000000
4890.331055 0.000000 2820.670654 0.000000 0.520073 0.000000 0.854122 1.000000 1.000000 1.000000
4903.791504 0.000000 2800.475830 0.000000 0.476316 0.000000 0.879274 1.000000 1.000000 1.000000
4942.453125 0.000000 2745.682617 0.000000 0.489357 0.000000 0.872083 1.000000 1.000000 1.000000
4951.224121 0.000000 2727.243652 0.000000 0.568646 0.000000 0.822583 1.000000 1.000000 1.000000
4976.944336 0.000000 2657.987305 0.000000 0.547528 0.000000 0.836788 1.000000 1.000000 1.000000
4989.148926 0.000000 2631.958252 0.000000 0.524133 0.000000 0.851636 1.000000 1.000000 1.000000
5010.328125 0.000000 2607.302246 0.000000 0.296266 0.000000 0.955105 1.000000 1.000000 1.000000
5027.895508 0.000000 2586.802734 0.000000 0.490581 0.000000 0.871396 1.000000 1.000000 1.000000
5041.676270 0.000000 2560.503418 0.000000 0.553438 0.000000 0.832890 1.000000 1.000000 1.000000
5049.967285 0.000000 2541.100098 0.000000 0.514693 0.000000 0.857375 1.000000 1.000000 1.000000
5067.541992 0.000000 2504.321533 0.000000 0.576252 0.000000 0.817272 1.000000 1.000000 1.000000
5074.852539 0.000000 2486.303223 0.000000 0.554404 0.000000 0.832248 1.000000 1.000000 1.000000
5103.582520 0.000000 2439.447266 0.000000 0.377886 0.000000 0.925852 1.000000 1.000000 1.000000
5119.139648 0.000000 2424.746094 0.000000 0.345625 0.000000 0.938373 1.000000 1.000000 1.000000
5134.587402 0.000000 2413.341797 0.000000 0.255084 0.000000 0.966919 1.000000 1.000000 1.000000
5168.303711 0.000000 2414.752930 0.000000 -0.268279 0.000000 0.963341 1.000000 1.000000 1.000000
5292.711914 0.000000 2377.994141 0.000000 0.633002 0.000000 0.774150 1.000000 1.000000 1.000000
5298.275879 0.000000 2353.891602 0.000000 0.580981 0.000000 0.813917 1.000000 1.000000 1.000000
5309.046875 0.000000 2330.558350 0.000000 0.520959 0.000000 0.853582 1.000000 1.000000 1.000000
5333.467773 0.000000 2309.217773 0.000000 0.118132 0.000000 0.992998 1.000000 1.000000 1.000000
5360.242676 0.000000 2313.153564 0.000000 -0.212718 0.000000 0.977114 1.000000 1.000000 1.000000
5371.066895 0.000000 2949.948975 0.000000 -0.316195 0.000000 0.948694 1.000000 1.000000 1.000000
5938.467773 0.000000 3063.450439 0.000000 0.752069 0.000000 0.659084 1.000000 1.000000 1.000000
5934.178711 0.000000 3039.974854 0.000000 0.787535 0.000000 0.616270 1.000000 1.000000 1.000000
5930.174805 0.000000 3015.705078 0.000000 0.778347 0.000000 0.627834 1.000000 1.000000 1.000000
6016.705566 0.000000 3013.254639 0.000000 -0.502132 0.000000 0.864791 1.000000 1.000000 1.000000
6123.995117 0.000000 3010.748047 0.000000 0.623839 0.000000 0.781553 1.000000 1.000000 1.000000
6129.769531 0.000000 2983.785400 0.000000 0.659041 0.000000 0.752107 1.000000 1.000000 1.000000
3797.803711 0.000000 3856.751709 0.000000 0.994685 0.000000 0.102962 1.000000 1.000000 1.000000
3768.977783 0.000000 3847.769531 0.000000 0.991980 0.000000 0.126396 1.000000 1.000000 1.000000
3741.092285 0.000000 3838.908447 0.000000 0.981065 0.000000 0.193680 1.000000 1.000000 1.000000
3656.846436 0.000000 3850.782471 0.000000 -0.961804 0.000000 0.273739 1.000000 1.000000 1.000000
3678.687500 0.000000 3838.755859 0.000000 -0.990388 0.000000 0.138314 1.000000 1.000000 1.000000
3577.911621 0.000000 3904.968018 0.000000 -0.795905 0.000000 0.605421 1.000000 1.000000 1.000000
3557.093262 0.000000 4120.262695 0.000000 -0.874079 0.000000 0.485783 1.000000 1.000000 1.000000
3539.618652 0.000000 4142.547852 0.000000 -0.911523 0.000000 0.411249 1.000000 1.000000 1.000000
3523.526855 0.000000 4159.860352 0.000000 -0.911523 0.000000 0.411249 1.000000 1.000000 1.000000
3506.928711 0.000000 4180.196289 0.000000 0.904267 0.000000 -0.426967 1.000000 1.000000 1.000000
3492.398193 0.000000 4199.046875 0.000000 -0.899579 0.000000 0.436758 1.000000 1.000000 1.000000
3455.459717 0.000000 4295.506836 0.000000 0.892008 0.000000 -0.452020 1.000000 1.000000 1.000000
3450.030029 0.000000 4386.110352 0.000000 -0.518456 0.000000 0.855105 1.000000 1.000000 1.000000
3442.808838 0.000000 4365.618164 0.000000 -0.640016 0.000000 0.768362 1.000000 1.000000 1.000000
"}
object={
	name="env_coast_foam_m"
	clamp_to_water_level=yes
	render_under_water=yes
	generated_content=no
	layer="coast_foam_layer"
	entity="env_coast_foam_m"
	count=370
	transform="966.432373 0.000000 4774.087891 0.000000 -0.278451 0.000000 0.960450 1.000000 1.000000 1.000000
1030.981323 0.000000 4808.925781 0.000000 0.636532 0.000000 -0.771250 1.000000 1.000000 1.000000
1059.988037 0.000000 4897.265625 0.000000 0.510965 0.000000 -0.859602 1.000000 1.000000 1.000000
722.122742 0.000000 4856.250000 0.000000 -0.996188 0.000000 0.087233 1.000000 1.000000 1.000000
836.764587 0.000000 5378.330078 0.000000 -0.344494 0.000000 0.938788 1.000000 1.000000 1.000000
1045.404541 0.000000 4940.364258 0.000000 0.949892 0.000000 -0.312578 1.000000 1.000000 1.000000
962.756592 0.000000 5053.877930 0.000000 0.952846 0.000000 -0.303454 1.000000 1.000000 1.000000
896.800171 0.000000 5298.476562 0.000000 -0.401612 0.000000 0.915810 1.000000 1.000000 1.000000
819.669006 0.000000 5339.105469 0.000000 -0.993348 0.000000 -0.115151 1.000000 1.000000 1.000000
424.980469 0.000000 4884.163086 0.000000 0.015209 0.000000 0.999884 1.000000 1.000000 1.000000
442.631165 0.000000 4873.429688 0.000000 0.000000 0.000000 1.000000 1.000000 1.000000 1.000000
453.586670 0.000000 4996.370117 0.000000 0.288679 0.000000 0.957426 1.000000 1.000000 1.000000
659.390503 0.000000 5138.328125 0.000000 -0.776692 0.000000 0.629881 1.000000 1.000000 1.000000
518.810791 0.000000 5109.736328 0.000000 0.207929 0.000000 0.978144 1.000000 1.000000 1.000000
1018.883789 0.000000 4795.300781 0.000000 -0.169564 0.000000 0.985519 1.000000 1.000000 1.000000
988.799072 0.000000 4781.300781 0.000000 -0.219407 0.000000 0.975633 1.000000 1.000000 1.000000
781.718933 0.000000 4781.375977 0.000000 -0.033952 0.000000 0.999423 1.000000 1.000000 1.000000
714.263306 0.000000 4910.751953 0.000000 -0.974880 0.000000 -0.222730 1.000000 1.000000 1.000000
715.322266 0.000000 4972.068359 0.000000 0.964308 0.000000 0.264782 1.000000 1.000000 1.000000
730.383057 0.000000 4942.753906 0.000000 0.682582 0.000000 0.730809 1.000000 1.000000 1.000000
721.644226 0.000000 5173.458008 0.000000 0.329575 0.000000 0.944129 1.000000 1.000000 1.000000
720.543335 0.000000 5159.470703 0.000000 0.883825 0.000000 0.467817 1.000000 1.000000 1.000000
593.402344 0.000000 5290.676758 0.000000 0.935995 0.000000 0.352014 1.000000 1.000000 1.000000
731.493408 0.000000 5401.753906 0.000000 0.884445 0.000000 0.466644 1.000000 1.000000 1.000000
829.590149 0.000000 5434.860352 0.000000 0.728480 0.000000 0.685067 1.000000 1.000000 1.000000
941.022095 0.000000 5513.674805 0.000000 0.293110 0.000000 0.956079 1.000000 1.000000 1.000000
936.054932 0.000000 4662.373047 0.000000 0.989253 0.000000 0.146213 1.000000 1.000000 1.000000
878.773071 0.000000 4680.559570 0.000000 -0.875407 0.000000 0.483387 1.000000 1.000000 1.000000
850.806641 0.000000 4697.607422 0.000000 0.991058 0.000000 -0.133433 1.000000 1.000000 1.000000
901.057617 0.000000 4775.754883 0.000000 0.034409 0.000000 0.999408 1.000000 1.000000 1.000000
1038.034058 0.000000 4783.449219 0.000000 0.954962 0.000000 0.296729 1.000000 1.000000 1.000000
821.232422 0.000000 4615.183594 0.000000 0.984761 0.000000 0.173911 1.000000 1.000000 1.000000
795.587097 0.000000 4612.733398 0.000000 0.969367 0.000000 0.245618 1.000000 1.000000 1.000000
782.910767 0.000000 4616.354492 0.000000 0.887217 0.000000 -0.461353 1.000000 1.000000 1.000000
774.522583 0.000000 4628.791016 0.000000 0.872704 0.000000 -0.488250 1.000000 1.000000 1.000000
726.400269 0.000000 4627.687500 0.000000 0.999696 0.000000 -0.024653 1.000000 1.000000 1.000000
703.876831 0.000000 4627.953125 0.000000 0.998722 0.000000 0.050534 1.000000 1.000000 1.000000
679.913208 0.000000 4623.755859 0.000000 0.980811 0.000000 0.194959 1.000000 1.000000 1.000000
666.266479 0.000000 4603.348633 0.000000 -0.703055 0.000000 -0.711135 1.000000 1.000000 1.000000
678.995056 0.000000 4580.053711 0.000000 0.998574 0.000000 0.053376 1.000000 1.000000 1.000000
850.084045 0.000000 4210.260742 0.000000 0.871360 0.000000 0.490644 1.000000 1.000000 1.000000
835.483521 0.000000 4199.998047 0.000000 -0.987413 0.000000 -0.158166 1.000000 1.000000 1.000000
819.004944 0.000000 4194.568359 0.000000 0.999088 0.000000 0.042707 1.000000 1.000000 1.000000
769.371033 0.000000 4204.615234 0.000000 0.988846 0.000000 0.148945 1.000000 1.000000 1.000000
749.138611 0.000000 4206.900391 0.000000 -0.981820 0.000000 0.189816 1.000000 1.000000 1.000000
621.090698 0.000000 4220.410156 0.000000 0.962405 0.000000 -0.271619 1.000000 1.000000 1.000000
625.677368 0.000000 3693.488037 0.000000 0.055551 0.000000 0.998456 0.721474 0.721474 0.721474
617.074524 0.000000 3698.947021 0.000000 0.359469 0.000000 0.933157 0.721474 0.721474 0.721474
454.455566 0.000000 3363.024658 0.000000 0.533880 0.000000 0.845560 1.000000 1.000000 1.000000
445.584351 0.000000 3375.453857 0.000000 0.391197 0.000000 0.920307 1.000000 1.000000 1.000000
441.050171 0.000000 3394.524658 0.000000 0.719007 0.000000 0.695003 1.000000 1.000000 1.000000
1145.883667 0.000000 4821.038086 0.000000 0.576227 0.000000 0.817289 0.663208 0.663208 0.663208
1231.475708 0.000000 4944.631836 0.000000 0.902281 0.000000 0.431149 1.000000 1.000000 1.000000
1433.727295 0.000000 4981.302734 0.000000 0.805322 0.000000 0.592838 1.000000 1.000000 1.000000
1550.847412 0.000000 5208.567383 0.000000 -0.691777 0.000000 0.722112 1.000000 1.000000 1.000000
1564.389648 0.000000 5186.382812 0.000000 0.998024 0.000000 -0.062829 1.000000 1.000000 1.000000
1543.285400 0.000000 5031.856445 0.000000 -0.965615 0.000000 0.259975 1.000000 1.000000 1.000000
1600.969360 0.000000 5041.703125 0.000000 -0.017791 0.000000 0.999842 1.000000 1.000000 1.000000
1694.189697 0.000000 5093.166016 0.000000 -0.154922 0.000000 0.987927 1.000000 1.000000 1.000000
1727.074097 0.000000 5098.182617 0.000000 -0.427598 0.000000 0.903969 1.000000 1.000000 1.000000
1727.109741 0.000000 5113.004883 0.000000 -0.833264 0.000000 0.552875 1.000000 1.000000 1.000000
1730.112793 0.000000 5131.242188 0.000000 -0.420744 0.000000 0.907179 1.000000 1.000000 1.000000
1806.731079 0.000000 5145.375000 0.000000 -0.437997 0.000000 0.898977 1.000000 1.000000 1.000000
1813.539185 0.000000 5161.980469 0.000000 -0.566862 0.000000 0.823813 1.000000 1.000000 1.000000
1759.067993 0.000000 5144.458008 0.000000 0.000854 0.000000 1.000000 1.000000 1.000000 1.000000
1935.405762 0.000000 5244.075195 0.000000 -0.704514 0.000000 0.709690 1.000000 1.000000 1.000000
1949.429688 0.000000 5264.179688 0.000000 -0.456801 0.000000 0.889569 1.000000 1.000000 1.000000
1887.894531 0.000000 5334.186523 0.000000 -0.408692 0.000000 0.912672 1.000000 1.000000 1.000000
1918.871826 0.000000 5413.689453 0.000000 -0.794684 0.000000 0.607023 1.000000 1.000000 1.000000
1889.907959 0.000000 5440.231445 0.000000 -0.928086 0.000000 0.372366 1.000000 1.000000 1.000000
1863.547974 0.000000 5457.125977 0.000000 -0.992937 0.000000 0.118642 1.000000 1.000000 1.000000
1865.084961 0.000000 5572.653320 0.000000 -0.409138 0.000000 0.912473 1.000000 1.000000 1.000000
1878.289917 0.000000 5588.124023 0.000000 -0.533509 0.000000 0.845794 1.000000 1.000000 1.000000
1892.298340 0.000000 5603.674805 0.000000 -0.437393 0.000000 0.899270 1.000000 1.000000 1.000000
1901.816162 0.000000 5616.930664 0.000000 -0.031214 0.000000 0.999513 1.000000 1.000000 1.000000
1915.803223 0.000000 5626.622070 0.000000 -0.431125 0.000000 0.902292 1.000000 1.000000 1.000000
1941.762695 0.000000 5642.704102 0.000000 -0.307526 0.000000 0.951540 1.000000 1.000000 1.000000
1973.252441 0.000000 5658.872070 0.000000 -0.463169 0.000000 0.886270 1.000000 1.000000 1.000000
1989.084473 0.000000 5727.859375 0.000000 -0.368032 0.000000 0.929813 1.000000 1.000000 1.000000
1995.725830 0.000000 5742.118164 0.000000 0.654570 0.000000 -0.756001 1.000000 1.000000 1.000000
2007.811523 0.000000 5754.648438 0.000000 -0.115040 0.000000 0.993361 1.000000 1.000000 1.000000
2031.117920 0.000000 5774.633789 0.000000 0.329943 0.000000 0.944001 1.000000 1.000000 1.000000
2050.061279 0.000000 5772.714844 0.000000 -0.055483 0.000000 0.998460 1.000000 1.000000 1.000000
2123.348145 0.000000 5733.852539 0.000000 0.696324 0.000000 0.717727 1.000000 1.000000 1.000000
2100.547607 0.000000 5717.279297 0.000000 0.696040 0.000000 0.718003 1.000000 1.000000 1.000000
2095.870117 0.000000 5700.881836 0.000000 0.878694 0.000000 0.477385 1.000000 1.000000 1.000000
2082.012939 0.000000 5681.516602 0.000000 0.909542 0.000000 0.415611 1.000000 1.000000 1.000000
2069.590820 0.000000 5668.089844 0.000000 0.925761 0.000000 0.378108 1.000000 1.000000 1.000000
2058.608887 0.000000 5657.888672 0.000000 -0.992472 0.000000 -0.122468 1.000000 1.000000 1.000000
2042.161621 0.000000 5653.823242 0.000000 0.970391 0.000000 0.241541 0.688574 0.688574 0.688574
2032.567871 0.000000 5643.562500 0.000000 0.877672 0.000000 0.479261 1.000000 1.000000 1.000000
2022.808105 0.000000 5630.050781 0.000000 0.923401 0.000000 0.383836 1.000000 1.000000 1.000000
2008.668945 0.000000 5621.307617 0.000000 0.987188 0.000000 0.159558 1.000000 1.000000 1.000000
1987.967041 0.000000 5613.802734 0.000000 0.467734 0.000000 0.883869 0.850244 0.850244 0.850244
2011.144775 0.000000 5477.459961 0.000000 0.802982 0.000000 0.596004 1.000000 1.000000 1.000000
2010.549805 0.000000 5453.002930 0.000000 0.478327 0.000000 0.878182 1.000000 1.000000 1.000000
1953.136719 0.000000 5413.433594 0.000000 0.295829 0.000000 0.955241 1.000000 1.000000 1.000000
1968.292969 0.000000 5406.872070 0.000000 0.188981 0.000000 0.981981 1.000000 1.000000 1.000000
2096.854248 0.000000 5381.208984 0.000000 0.000000 0.000000 1.000000 1.000000 1.000000 1.000000
1764.760864 0.000000 5000.459961 0.000000 0.993915 0.000000 0.110154 1.000000 1.000000 1.000000
1975.723633 0.000000 5015.898438 0.000000 0.992053 0.000000 0.125821 1.000000 1.000000 1.000000
1996.092285 0.000000 5028.241211 0.000000 0.886003 0.000000 0.463679 1.000000 1.000000 1.000000
2019.691650 0.000000 5057.742188 0.000000 -0.999866 0.000000 -0.016392 1.000000 1.000000 1.000000
2105.747803 0.000000 5242.554688 0.000000 -0.827945 0.000000 0.560809 1.000000 1.000000 1.000000
2151.107666 0.000000 5196.390625 0.000000 -0.984404 0.000000 0.175925 1.000000 1.000000 1.000000
2178.498047 0.000000 5226.774414 0.000000 0.587421 0.000000 0.809281 1.000000 1.000000 1.000000
2071.388916 0.000000 5319.789062 0.000000 0.128065 0.000000 0.991766 1.000000 1.000000 1.000000
2158.708984 0.000000 5356.114258 0.000000 -0.995789 0.000000 -0.091672 1.000000 1.000000 1.000000
2257.439209 0.000000 5358.081055 0.000000 0.656973 0.000000 0.753914 1.000000 1.000000 1.000000
2264.024902 0.000000 5405.569336 0.000000 0.510710 0.000000 0.859753 1.000000 1.000000 1.000000
2115.402100 0.000000 5384.666992 0.000000 0.000000 0.000000 1.000000 1.000000 1.000000 1.000000
1673.409302 0.000000 5092.260742 0.000000 0.159985 0.000000 0.987119 1.000000 1.000000 1.000000
1652.544312 0.000000 5193.791992 0.000000 0.551607 0.000000 0.834104 1.000000 1.000000 1.000000
1634.914307 0.000000 5218.744141 0.000000 0.517842 0.000000 0.855476 1.000000 1.000000 1.000000
1606.966553 0.000000 5284.118164 0.000000 0.610235 0.000000 0.792221 1.000000 1.000000 1.000000
1598.773315 0.000000 5328.467773 0.000000 0.643877 0.000000 0.765129 1.000000 1.000000 1.000000
1426.267822 0.000000 5297.000977 0.000000 0.090422 0.000000 0.995904 1.000000 1.000000 1.000000
1391.848022 0.000000 5316.087891 0.000000 0.296223 0.000000 0.955119 1.000000 1.000000 1.000000
1378.631348 0.000000 5326.490234 0.000000 0.344365 0.000000 0.938836 1.000000 1.000000 1.000000
1352.524536 0.000000 5400.621094 0.000000 0.850445 0.000000 0.526064 1.000000 1.000000 1.000000
1353.909912 0.000000 5426.255859 0.000000 0.732368 0.000000 0.680909 1.000000 1.000000 1.000000
1355.814575 0.000000 5467.548828 0.000000 0.719661 0.000000 0.694325 1.000000 1.000000 1.000000
1683.565796 0.000000 5941.750000 0.000000 -0.856814 0.000000 -0.515625 1.000000 1.000000 1.000000
1766.083618 0.000000 6004.258789 0.000000 -0.943444 0.000000 -0.331531 1.000000 1.000000 1.000000
1021.761230 0.000000 4851.640625 0.000000 -0.379722 0.000000 0.925101 1.000000 1.000000 1.000000
211.740906 0.000000 5882.478516 0.000000 0.136639 0.000000 0.990621 1.000000 1.000000 1.000000
417.783691 0.000000 5858.563477 0.000000 -0.148553 0.000000 0.988904 1.000000 1.000000 1.000000
457.680725 0.000000 5864.494141 0.000000 -0.305576 0.000000 0.952168 1.000000 1.000000 1.000000
493.415039 0.000000 5887.722656 0.000000 -0.220215 0.000000 0.975451 1.000000 1.000000 1.000000
519.782227 0.000000 5947.545898 0.000000 -0.963176 0.000000 0.268870 1.000000 1.000000 1.000000
503.833252 0.000000 5993.337891 0.000000 -0.081358 0.000000 0.996685 1.000000 1.000000 1.000000
483.201477 0.000000 5998.367188 0.000000 0.996367 0.000000 0.085166 1.000000 1.000000 1.000000
444.542358 0.000000 6008.373047 0.000000 0.776064 0.000000 0.630654 1.000000 1.000000 1.000000
414.122253 0.000000 5998.188477 0.000000 0.940210 0.000000 0.340594 1.000000 1.000000 1.000000
317.853821 0.000000 5998.125000 0.000000 0.798478 0.000000 0.602024 1.000000 1.000000 1.000000
288.938507 0.000000 6034.994141 0.000000 -0.894699 0.000000 0.446669 1.000000 1.000000 1.000000
3679.260254 0.000000 2302.374023 0.000000 -0.475806 0.000000 0.879550 1.000000 1.000000 1.000000
3688.725098 0.000000 2313.860840 0.000000 -0.345540 0.000000 0.938404 1.000000 1.000000 1.000000
3768.632812 0.000000 2483.281738 0.000000 -0.669512 0.000000 0.742802 1.000000 1.000000 1.000000
3766.088867 0.000000 2501.750488 0.000000 -0.663094 0.000000 0.748536 1.000000 1.000000 1.000000
3756.865723 0.000000 2530.006836 0.000000 0.990981 0.000000 -0.134000 1.000000 1.000000 1.000000
3719.078369 0.000000 2512.737305 0.000000 0.972312 0.000000 0.233685 1.000000 1.000000 1.000000
3678.235352 0.000000 2498.975586 0.000000 -0.981626 0.000000 -0.190813 1.000000 1.000000 1.000000
3664.273193 0.000000 2494.625488 0.000000 -0.993293 0.000000 -0.115621 1.000000 1.000000 1.000000
3648.075439 0.000000 2494.392090 0.000000 -0.996757 0.000000 0.080475 1.000000 1.000000 1.000000
3576.180908 0.000000 2484.966064 0.000000 -0.989744 0.000000 -0.142855 1.000000 1.000000 1.000000
3560.855713 0.000000 2474.644531 0.000000 0.965782 0.000000 0.259356 1.000000 1.000000 1.000000
3508.634277 0.000000 2469.345703 0.000000 0.996072 0.000000 -0.088542 1.000000 1.000000 1.000000
3468.598145 0.000000 2453.583008 0.000000 0.969887 0.000000 0.243554 1.000000 1.000000 1.000000
3452.667480 0.000000 2451.345215 0.000000 0.999771 0.000000 -0.021396 1.000000 1.000000 1.000000
3438.554688 0.000000 2452.112793 0.000000 0.996102 0.000000 -0.088208 1.000000 1.000000 1.000000
3366.513184 0.000000 2512.913086 0.000000 -0.170759 0.000000 0.985313 1.000000 1.000000 1.000000
3381.253418 0.000000 2521.104980 0.000000 -0.242522 0.000000 0.970146 1.000000 1.000000 1.000000
3385.877686 0.000000 2542.570312 0.000000 -0.800355 0.000000 0.599527 1.000000 1.000000 1.000000
2437.194580 0.000000 3366.769287 0.000000 0.994937 0.000000 0.100503 1.000000 1.000000 1.000000
2423.355469 0.000000 3374.389404 0.000000 -0.861155 0.000000 0.508343 1.000000 1.000000 1.000000
2316.082031 0.000000 3400.367920 0.000000 -0.728522 0.000000 0.685022 1.000000 1.000000 1.000000
2239.836182 0.000000 3428.360107 0.000000 0.999636 0.000000 -0.026979 1.000000 1.000000 1.000000
2214.947266 0.000000 3422.855225 0.000000 0.923272 0.000000 0.384146 1.000000 1.000000 1.000000
1561.962402 0.000000 3695.142578 0.000000 -0.959193 0.000000 0.282752 1.000000 1.000000 1.000000
1543.670776 0.000000 3700.864502 0.000000 0.979035 0.000000 -0.203693 1.000000 1.000000 1.000000
1277.446045 0.000000 3681.315674 0.000000 -0.922167 0.000000 0.386793 1.000000 1.000000 1.000000
1261.494019 0.000000 3691.798096 0.000000 0.971985 0.000000 -0.235044 1.000000 1.000000 1.000000
1186.052368 0.000000 3698.950928 0.000000 0.976240 0.000000 0.216692 1.000000 1.000000 1.000000
1120.697998 0.000000 3688.087402 0.000000 -0.980964 0.000000 0.194188 1.000000 1.000000 1.000000
716.206116 0.000000 3631.156494 0.000000 -0.991539 0.000000 0.129809 1.000000 1.000000 1.000000
728.517578 0.000000 3630.419434 0.000000 -0.998548 0.000000 -0.053872 1.000000 1.000000 1.000000
767.924194 0.000000 3630.885986 0.000000 0.963133 0.000000 -0.269026 1.000000 1.000000 1.000000
780.470459 0.000000 3626.414795 0.000000 -0.998713 0.000000 -0.050711 1.000000 1.000000 1.000000
794.722290 0.000000 3631.377197 0.000000 0.949821 0.000000 0.312794 1.000000 1.000000 1.000000
810.235413 0.000000 3629.086182 0.000000 -0.852800 0.000000 0.522237 1.000000 1.000000 1.000000
590.732483 0.000000 3577.949951 0.000000 -0.892335 0.000000 -0.451374 1.000000 1.000000 1.000000
579.506958 0.000000 3567.861572 0.000000 0.962135 0.000000 0.272572 1.000000 1.000000 1.000000
1679.243530 0.000000 3418.625732 0.000000 0.994422 0.000000 -0.105475 1.000000 1.000000 1.000000
668.280579 0.000000 3703.139893 0.000000 -0.487839 0.000000 0.872933 1.000000 1.000000 1.000000
680.306213 0.000000 3711.390381 0.000000 -0.201851 0.000000 0.979416 1.000000 1.000000 1.000000
708.548401 0.000000 3720.747314 0.000000 -0.386931 0.000000 0.922109 1.000000 1.000000 1.000000
720.414124 0.000000 3725.660156 0.000000 -0.002541 0.000000 0.999997 1.000000 1.000000 1.000000
804.106873 0.000000 3717.005127 0.000000 0.164998 0.000000 0.986294 1.000000 1.000000 1.000000
820.442261 0.000000 3720.272949 0.000000 -0.412191 0.000000 0.911097 1.000000 1.000000 1.000000
1049.838989 0.000000 4017.537354 0.000000 -0.132105 0.000000 0.991236 1.000000 1.000000 1.000000
1117.417969 0.000000 4141.103516 0.000000 -0.702671 0.000000 0.711515 1.000000 1.000000 1.000000
1124.576660 0.000000 4156.589844 0.000000 -0.379581 0.000000 0.925159 1.000000 1.000000 1.000000
1236.478149 0.000000 4159.179688 0.000000 0.100219 0.000000 0.994965 1.000000 1.000000 1.000000
1257.263428 0.000000 4147.290039 0.000000 0.184409 0.000000 0.982850 1.000000 1.000000 1.000000
1365.826172 0.000000 4182.509766 0.000000 -0.204510 0.000000 0.978864 1.000000 1.000000 1.000000
1379.917480 0.000000 4187.108398 0.000000 -0.116495 0.000000 0.993191 1.000000 1.000000 1.000000
1437.171997 0.000000 4230.624023 0.000000 -0.187273 0.000000 0.982308 1.000000 1.000000 1.000000
1514.280884 0.000000 4199.168945 0.000000 0.273978 0.000000 0.961736 1.000000 1.000000 1.000000
1568.727539 0.000000 4100.188477 0.000000 0.291351 0.000000 0.956616 1.000000 1.000000 1.000000
1535.543213 0.000000 4108.992188 0.000000 -0.994730 0.000000 -0.102531 1.000000 1.000000 1.000000
1478.981812 0.000000 4111.285156 0.000000 0.742181 0.000000 0.670199 1.000000 1.000000 1.000000
1454.153809 0.000000 4097.125000 0.000000 -0.988627 0.000000 -0.150387 1.000000 1.000000 1.000000
1443.039795 0.000000 4086.346436 0.000000 0.804135 0.000000 0.594446 1.000000 1.000000 1.000000
1451.050293 0.000000 3965.269043 0.000000 0.969809 0.000000 0.243865 1.000000 1.000000 1.000000
1435.614624 0.000000 3931.849365 0.000000 0.540730 0.000000 0.841196 1.000000 1.000000 1.000000
1517.947266 0.000000 3837.337646 0.000000 -0.649394 0.000000 0.760452 1.000000 1.000000 1.000000
1521.325562 0.000000 3874.321045 0.000000 -0.667185 0.000000 0.744892 1.000000 1.000000 1.000000
1522.256104 0.000000 3888.596680 0.000000 -0.695601 0.000000 0.718428 1.000000 1.000000 1.000000
1518.854736 0.000000 3901.205322 0.000000 0.886388 0.000000 -0.462943 1.000000 1.000000 1.000000
1518.998291 0.000000 3913.020996 0.000000 -0.498379 0.000000 0.866959 1.000000 1.000000 1.000000
1712.649536 0.000000 3985.515625 0.000000 -0.230409 0.000000 0.973094 1.000000 1.000000 1.000000
1842.317871 0.000000 3713.998291 0.000000 -0.575903 0.000000 0.817518 1.000000 1.000000 1.000000
1846.503784 0.000000 3730.591797 0.000000 -0.611407 0.000000 0.791317 1.000000 1.000000 1.000000
1864.436157 0.000000 3754.923584 0.000000 0.627089 0.000000 0.778947 1.000000 1.000000 1.000000
1882.485352 0.000000 3744.120117 0.000000 -0.070407 0.000000 0.997518 1.000000 1.000000 1.000000
1895.411133 0.000000 3753.533203 0.000000 -0.505953 0.000000 0.862561 1.000000 1.000000 1.000000
1902.649414 0.000000 3767.325928 0.000000 -0.460557 0.000000 0.887630 1.000000 1.000000 1.000000
1778.595703 0.000000 3938.803467 0.000000 0.904219 0.000000 0.427069 1.000000 1.000000 1.000000
1785.622803 0.000000 3929.893799 0.000000 -0.298947 0.000000 0.954270 1.000000 1.000000 1.000000
1858.852905 0.000000 3893.313232 0.000000 0.435993 0.000000 0.899950 1.000000 1.000000 1.000000
1864.918457 0.000000 3878.762207 0.000000 0.669602 0.000000 0.742720 1.000000 1.000000 1.000000
1847.229736 0.000000 3896.216553 0.000000 -0.113979 0.000000 0.993483 1.000000 1.000000 1.000000
1874.519531 0.000000 3856.859619 0.000000 0.404301 0.000000 0.914626 1.000000 1.000000 1.000000
1880.402100 0.000000 3843.181885 0.000000 0.629535 0.000000 0.776973 1.000000 1.000000 1.000000
1884.316284 0.000000 3827.809814 0.000000 0.605789 0.000000 0.795626 1.000000 1.000000 1.000000
1946.222656 0.000000 3837.444336 0.000000 -0.763903 0.000000 0.645332 1.000000 1.000000 1.000000
1939.203857 0.000000 3860.585449 0.000000 -0.951850 0.000000 0.306563 1.000000 1.000000 1.000000
1920.607178 0.000000 3871.990967 0.000000 -0.987592 0.000000 0.157042 1.000000 1.000000 1.000000
1917.344727 0.000000 3908.121582 0.000000 -0.564559 0.000000 0.825392 1.000000 1.000000 1.000000
1924.922852 0.000000 3920.521729 0.000000 -0.455946 0.000000 0.890008 1.000000 1.000000 1.000000
1951.389160 0.000000 3922.238770 0.000000 0.224585 0.000000 0.974455 1.000000 1.000000 1.000000
1969.922852 0.000000 3919.243652 0.000000 0.026181 0.000000 0.999657 1.000000 1.000000 1.000000
1933.054688 0.000000 3978.462158 0.000000 -0.972177 0.000000 0.234249 1.000000 1.000000 1.000000
1915.501831 0.000000 3984.501221 0.000000 -0.986021 0.000000 0.166619 1.000000 1.000000 1.000000
1807.203003 0.000000 4047.213135 0.000000 -0.948333 0.000000 0.317277 1.000000 1.000000 1.000000
1822.381470 0.000000 4040.072266 0.000000 -0.997940 0.000000 0.064160 1.000000 1.000000 1.000000
1821.671753 0.000000 4176.593750 0.000000 -0.370480 0.000000 -0.928841 1.000000 1.000000 1.000000
1993.268066 0.000000 4086.693115 0.000000 0.299180 0.000000 0.954197 1.000000 1.000000 1.000000
2016.961914 0.000000 4073.441650 0.000000 0.299820 0.000000 0.953996 1.000000 1.000000 1.000000
2093.420898 0.000000 3902.170654 0.000000 0.351404 0.000000 0.936224 1.000000 1.000000 1.000000
2088.939697 0.000000 3874.913086 0.000000 0.408079 0.000000 0.912947 1.000000 1.000000 1.000000
2106.229248 0.000000 3855.981201 0.000000 0.207646 0.000000 0.978204 1.000000 1.000000 1.000000
2124.734863 0.000000 3850.683838 0.000000 0.368940 0.000000 0.929453 1.000000 1.000000 1.000000
2153.852539 0.000000 3739.371826 0.000000 0.357311 0.000000 0.933986 1.000000 1.000000 1.000000
2148.779785 0.000000 3763.527832 0.000000 0.043108 0.000000 0.999070 1.000000 1.000000 1.000000
2188.048340 0.000000 3783.296143 0.000000 -0.183944 0.000000 0.982937 1.000000 1.000000 1.000000
2207.014648 0.000000 3694.498779 0.000000 0.605400 0.000000 0.795921 1.000000 1.000000 1.000000
2251.104248 0.000000 3676.702393 0.000000 0.499940 0.000000 0.866060 1.000000 1.000000 1.000000
2257.011230 0.000000 3662.580811 0.000000 0.624387 0.000000 0.781115 1.000000 1.000000 1.000000
2269.187256 0.000000 3661.663086 0.000000 -0.683824 0.000000 0.729647 1.000000 1.000000 1.000000
2273.499268 0.000000 3674.219482 0.000000 -0.446072 0.000000 0.894997 1.000000 1.000000 1.000000
2465.154297 0.000000 3570.902100 0.000000 0.000000 0.000000 1.000000 1.000000 1.000000 1.000000
2795.408691 0.000000 3604.399414 0.000000 0.552777 0.000000 0.833329 1.000000 1.000000 1.000000
2812.061768 0.000000 3586.195068 0.000000 0.136535 0.000000 0.990635 1.000000 1.000000 1.000000
2847.272705 0.000000 3592.685303 0.000000 -0.272745 0.000000 0.962086 1.000000 1.000000 1.000000
2861.786133 0.000000 3600.312256 0.000000 -0.258358 0.000000 0.966049 1.000000 1.000000 1.000000
2805.794434 0.000000 3616.266846 0.000000 -0.904033 0.000000 -0.427464 1.000000 1.000000 1.000000
2837.667725 0.000000 3638.302734 0.000000 -0.997484 0.000000 -0.070898 1.000000 1.000000 1.000000
2855.762939 0.000000 3640.534912 0.000000 0.993298 0.000000 0.115581 1.000000 1.000000 1.000000
2944.233887 0.000000 3500.924072 0.000000 0.755179 0.000000 0.655519 1.000000 1.000000 1.000000
2931.815674 0.000000 3458.297119 0.000000 0.791767 0.000000 0.610823 1.000000 1.000000 1.000000
2979.930420 0.000000 3650.979736 0.000000 0.685781 0.000000 0.727808 1.000000 1.000000 1.000000
2979.240723 0.000000 3634.856201 0.000000 0.724958 0.000000 0.688793 1.000000 1.000000 1.000000
2975.319580 0.000000 3704.075439 0.000000 0.564043 0.000000 0.825746 1.000000 1.000000 1.000000
2975.841797 0.000000 3747.852783 0.000000 -0.394803 0.000000 0.918766 1.000000 1.000000 1.000000
2943.084229 0.000000 3727.559082 0.000000 0.181664 0.000000 0.983361 1.000000 1.000000 1.000000
2907.483887 0.000000 3731.608154 0.000000 -0.373078 0.000000 0.927800 1.000000 1.000000 1.000000
2896.420898 0.000000 3720.862305 0.000000 -0.381923 0.000000 0.924194 1.000000 1.000000 1.000000
2890.334473 0.000000 3709.893799 0.000000 -0.616273 0.000000 0.787533 1.000000 1.000000 1.000000
2868.930664 0.000000 3690.811279 0.000000 -0.370245 0.000000 0.928934 1.000000 1.000000 1.000000
2828.989014 0.000000 3675.961426 0.000000 -0.183734 0.000000 0.982976 1.000000 1.000000 1.000000
2747.572266 0.000000 3711.339111 0.000000 0.219303 0.000000 0.975657 1.000000 1.000000 1.000000
2702.561768 0.000000 3681.496094 0.000000 -0.637410 0.000000 0.770525 1.000000 1.000000 1.000000
2680.655518 0.000000 3667.899170 0.000000 -0.309093 0.000000 0.951032 1.000000 1.000000 1.000000
2668.106934 0.000000 3660.185303 0.000000 -0.197634 0.000000 0.980276 1.000000 1.000000 1.000000
2650.783691 0.000000 3661.575928 0.000000 0.093582 0.000000 0.995612 1.000000 1.000000 1.000000
2632.645752 0.000000 3667.816895 0.000000 0.331527 0.000000 0.943446 1.000000 1.000000 1.000000
2459.543701 0.000000 3586.611328 0.000000 0.983610 0.000000 0.180309 1.000000 1.000000 1.000000
2422.166260 0.000000 3594.262207 0.000000 0.999960 0.000000 0.008998 1.000000 1.000000 1.000000
2380.740723 0.000000 3593.634521 0.000000 0.998477 0.000000 0.055174 1.000000 1.000000 1.000000
2558.608643 0.000000 3662.274658 0.000000 0.876955 0.000000 0.480573 1.000000 1.000000 1.000000
2284.371338 0.000000 3722.572998 0.000000 -0.891376 0.000000 0.453264 1.000000 1.000000 1.000000
2343.289551 0.000000 3750.366943 0.000000 -0.433748 0.000000 -0.901034 1.000000 1.000000 1.000000
2356.459717 0.000000 3765.786865 0.000000 -0.755818 0.000000 0.654781 1.000000 1.000000 1.000000
2364.971191 0.000000 3797.085693 0.000000 -0.828680 0.000000 0.559722 1.000000 1.000000 1.000000
2309.616943 0.000000 3843.970215 0.000000 -0.966967 0.000000 0.254903 1.000000 1.000000 1.000000
2304.109131 0.000000 3864.211670 0.000000 -0.880581 0.000000 0.473895 1.000000 1.000000 1.000000
2292.372559 0.000000 3877.362549 0.000000 -0.926429 0.000000 0.376469 1.000000 1.000000 1.000000
2281.794678 0.000000 3889.125244 0.000000 -0.833804 0.000000 0.552061 1.000000 1.000000 1.000000
2271.352051 0.000000 3904.620850 0.000000 -0.914560 0.000000 0.404450 1.000000 1.000000 1.000000
2261.226318 0.000000 3916.148682 0.000000 -0.887020 0.000000 0.461731 1.000000 1.000000 1.000000
2314.355957 0.000000 3927.874268 0.000000 0.135749 0.000000 0.990743 1.000000 1.000000 1.000000
2336.502197 0.000000 3936.444580 0.000000 0.081148 0.000000 0.996702 1.000000 1.000000 1.000000
2356.298096 0.000000 3936.187256 0.000000 -0.916609 0.000000 0.399784 1.000000 1.000000 1.000000
2343.977295 0.000000 3945.490967 0.000000 -0.972362 0.000000 0.233477 1.000000 1.000000 1.000000
2325.985596 0.000000 3963.418945 0.000000 -0.884598 0.000000 0.466353 1.000000 1.000000 1.000000
2466.063477 0.000000 3966.313721 0.000000 -0.087686 0.000000 0.996148 1.000000 1.000000 1.000000
2471.750000 0.000000 3963.993408 0.000000 0.943761 0.000000 0.330630 1.000000 1.000000 1.000000
2461.324951 0.000000 3955.297119 0.000000 0.947950 0.000000 0.318419 1.000000 1.000000 1.000000
2455.365234 0.000000 3877.363281 0.000000 0.950797 0.000000 0.309815 1.000000 1.000000 1.000000
2489.287842 0.000000 3890.016113 0.000000 -0.067119 0.000000 0.997745 1.000000 1.000000 1.000000
2473.421387 0.000000 3886.711914 0.000000 0.145016 0.000000 -0.989429 1.000000 1.000000 1.000000
2494.460938 0.000000 3824.562256 0.000000 0.452534 0.000000 0.891747 1.000000 1.000000 1.000000
2438.758545 0.000000 3927.819336 0.000000 -0.086592 0.000000 0.996244 1.000000 1.000000 1.000000
2433.375000 0.000000 3938.871826 0.000000 -0.972850 0.000000 -0.231438 1.000000 1.000000 1.000000
2477.628174 0.000000 3793.245605 0.000000 0.211644 0.000000 0.977347 1.000000 1.000000 1.000000
2499.695557 0.000000 3770.350342 0.000000 0.997408 0.000000 0.071955 1.000000 1.000000 1.000000
2542.632324 0.000000 3710.184814 0.000000 -0.104150 0.000000 0.994562 1.000000 1.000000 1.000000
2558.716797 0.000000 3712.718262 0.000000 -0.085406 0.000000 0.996346 1.000000 1.000000 1.000000
2539.724854 0.000000 3698.207764 0.000000 0.973602 0.000000 0.228251 1.000000 1.000000 1.000000
2572.490479 0.000000 3676.333740 0.000000 0.974787 0.000000 0.223138 1.000000 1.000000 1.000000
2558.106689 0.000000 3661.481689 0.000000 0.873887 0.000000 0.486130 1.000000 1.000000 1.000000
2393.252441 0.000000 3755.897705 0.000000 0.395504 0.000000 0.918464 1.000000 1.000000 1.000000
2410.595703 0.000000 3742.077881 0.000000 0.250714 0.000000 0.968061 1.000000 1.000000 1.000000
2427.616455 0.000000 3718.229980 0.000000 0.927334 0.000000 0.374234 1.000000 1.000000 1.000000
2650.886719 0.000000 4023.794189 0.000000 0.996871 0.000000 0.079045 1.000000 1.000000 1.000000
2956.193115 0.000000 4080.013916 0.000000 -0.855044 0.000000 0.518556 1.000000 1.000000 1.000000
2991.120117 0.000000 4065.282959 0.000000 -0.990888 0.000000 0.134686 1.000000 1.000000 1.000000
3017.960693 0.000000 4051.595215 0.000000 -0.996375 0.000000 0.085067 1.000000 1.000000 1.000000
3050.519043 0.000000 4046.753662 0.000000 -0.989251 0.000000 0.146228 1.000000 1.000000 1.000000
3066.034424 0.000000 4043.124268 0.000000 -0.998216 0.000000 0.059713 1.000000 1.000000 1.000000
3082.041016 0.000000 4046.533936 0.000000 -0.983165 0.000000 -0.182719 1.000000 1.000000 1.000000
3097.603271 0.000000 4053.993164 0.000000 0.992696 0.000000 0.120642 1.000000 1.000000 1.000000
3112.156494 0.000000 4057.645264 0.000000 -0.998749 0.000000 -0.050002 1.000000 1.000000 1.000000
3125.901367 0.000000 4055.572021 0.000000 -0.989067 0.000000 0.147466 1.000000 1.000000 1.000000
3144.644775 0.000000 4052.249756 0.000000 -0.990640 0.000000 0.136500 1.000000 1.000000 1.000000
3171.976318 0.000000 4062.317139 0.000000 -0.973878 0.000000 -0.227071 1.000000 1.000000 1.000000
3184.963623 0.000000 4069.944824 0.000000 -0.972374 0.000000 -0.233427 1.000000 1.000000 1.000000
3196.482178 0.000000 4077.871338 0.000000 -0.924518 0.000000 -0.381137 1.000000 1.000000 1.000000
3207.671387 0.000000 4090.017822 0.000000 0.849971 0.000000 0.526830 1.000000 1.000000 1.000000
3187.452637 0.000000 4174.484375 0.000000 0.169526 0.000000 0.985526 1.000000 1.000000 1.000000
2936.592529 0.000000 3247.502686 0.000000 -0.043870 0.000000 0.999037 1.000000 1.000000 1.000000
2976.618896 0.000000 3220.269775 0.000000 0.290665 0.000000 0.956825 1.000000 1.000000 1.000000
3102.547119 0.000000 3074.860596 0.000000 0.199758 0.000000 0.979845 1.000000 1.000000 1.000000
3351.881348 0.000000 2669.973145 0.000000 0.467518 0.000000 0.883984 1.000000 1.000000 1.000000
3914.617432 0.000000 2784.252686 0.000000 0.000000 0.000000 1.000000 1.000000 1.000000 1.000000
3994.025391 0.000000 3183.412842 0.000000 -0.923635 0.000000 0.383272 1.000000 1.000000 1.000000
3983.539551 0.000000 3199.950439 0.000000 -0.815318 0.000000 0.579014 1.000000 1.000000 1.000000
3979.003906 0.000000 3215.482422 0.000000 -0.727790 0.000000 0.685800 1.000000 1.000000 1.000000
3979.635254 0.000000 3232.810547 0.000000 -0.748782 0.000000 0.662817 1.000000 1.000000 1.000000
3978.629395 0.000000 3248.075195 0.000000 -0.562252 0.000000 0.826966 1.000000 1.000000 1.000000
3944.985840 0.000000 3244.011719 0.000000 0.919669 0.000000 0.392695 1.000000 1.000000 1.000000
3915.610840 0.000000 3211.756104 0.000000 0.904818 0.000000 0.425800 1.000000 1.000000 1.000000
3740.918945 0.000000 3169.629639 0.000000 -0.602140 0.000000 0.798390 1.000000 1.000000 1.000000
3610.352051 0.000000 3451.221680 0.000000 0.229503 0.000000 0.973308 1.000000 1.000000 1.000000
3662.830811 0.000000 3445.094482 0.000000 0.633946 0.000000 0.773377 1.000000 1.000000 1.000000
3717.569092 0.000000 3353.346924 0.000000 0.551760 0.000000 0.834003 1.000000 1.000000 1.000000
3731.566162 0.000000 3337.157959 0.000000 0.321893 0.000000 0.946776 1.000000 1.000000 1.000000
3750.577148 0.000000 3333.530273 0.000000 -0.127127 0.000000 0.991886 1.000000 1.000000 1.000000
4467.395508 0.000000 3279.550049 0.000000 0.122615 0.000000 0.992454 1.000000 1.000000 1.000000
4477.655762 0.000000 3274.692139 0.000000 0.329251 0.000000 0.944242 1.000000 1.000000 1.000000
4480.526855 0.000000 3262.927246 0.000000 0.730651 0.000000 0.682751 1.000000 1.000000 1.000000
4492.318848 0.000000 3251.157715 0.000000 -0.055696 0.000000 0.998448 1.000000 1.000000 1.000000
4508.977539 0.000000 3251.834473 0.000000 0.016967 0.000000 0.999856 1.000000 1.000000 1.000000
4913.262695 0.000000 2784.961914 0.000000 0.416198 0.000000 0.909274 1.000000 1.000000 1.000000
4921.885742 0.000000 2770.188232 0.000000 0.346370 0.000000 0.938098 1.000000 1.000000 1.000000
5183.259766 0.000000 2425.113281 0.000000 -0.350661 0.000000 0.936503 1.000000 1.000000 1.000000
5356.394531 0.000000 2925.610352 0.000000 -0.797142 0.000000 0.603792 1.000000 1.000000 1.000000
5358.967285 0.000000 2937.962891 0.000000 -0.472770 0.000000 0.881186 1.000000 1.000000 1.000000
5386.818359 0.000000 2961.594971 0.000000 -0.306509 0.000000 0.951868 1.000000 1.000000 1.000000
5402.143555 0.000000 2982.163330 0.000000 -0.496208 0.000000 0.868203 1.000000 1.000000 1.000000
5413.443359 0.000000 2995.692139 0.000000 -0.356826 0.000000 0.934171 1.000000 1.000000 1.000000
5774.005371 0.000000 3279.176270 0.000000 0.577349 0.000000 0.816497 1.000000 1.000000 1.000000
5777.547363 0.000000 3262.310791 0.000000 0.717475 0.000000 0.696584 1.000000 1.000000 1.000000
5785.755859 0.000000 3243.384766 0.000000 0.420024 0.000000 0.907513 1.000000 1.000000 1.000000
5796.294434 0.000000 3227.008057 0.000000 0.410641 0.000000 0.911797 1.000000 1.000000 1.000000
5936.510742 0.000000 3084.484863 0.000000 0.565176 0.000000 0.824970 1.000000 1.000000 1.000000
3605.974609 0.000000 3875.628174 0.000000 0.998531 0.000000 -0.054177 1.000000 1.000000 1.000000
3592.092285 0.000000 3882.900146 0.000000 -0.947814 0.000000 0.318824 1.000000 1.000000 1.000000
3434.485107 0.000000 4346.172852 0.000000 -0.419442 0.000000 0.907782 1.000000 1.000000 1.000000
3508.767822 0.000000 4461.637695 0.000000 -0.249473 0.000000 0.968382 1.000000 1.000000 1.000000
3522.084717 0.000000 4465.836914 0.000000 -0.080814 0.000000 0.996729 1.000000 1.000000 1.000000
3536.955566 0.000000 4468.871094 0.000000 -0.085649 0.000000 0.996325 1.000000 1.000000 1.000000
3551.930420 0.000000 4474.525391 0.000000 -0.218171 0.000000 0.975910 1.000000 1.000000 1.000000
3563.776611 0.000000 4482.293945 0.000000 -0.356855 0.000000 0.934160 1.000000 1.000000 1.000000
3573.042236 0.000000 4493.193359 0.000000 -0.274007 0.000000 0.961728 1.000000 1.000000 1.000000
3584.214844 0.000000 4500.779297 0.000000 -0.284878 0.000000 0.958564 1.000000 1.000000 1.000000
3596.603516 0.000000 4505.903320 0.000000 -0.211495 0.000000 0.977379 1.000000 1.000000 1.000000
3611.750244 0.000000 4509.435547 0.000000 0.066418 0.000000 0.997792 1.000000 1.000000 1.000000
"}
object={
	name="env_coast_foam_s"
	clamp_to_water_level=yes
	render_under_water=yes
	generated_content=no
	layer="coast_foam_layer"
	entity="env_coast_foam_s"
	count=179
	transform="2020.968262 0.000000 5413.081055 0.000000 0.229845 0.000000 0.973227 1.000000 1.000000 1.000000
1987.761230 0.000000 5402.010742 0.000000 -0.026135 0.000000 0.999658 1.000000 1.000000 1.000000
2283.660645 0.000000 5396.422852 0.000000 0.331613 0.000000 0.943416 1.000000 1.000000 1.000000
2283.177979 0.000000 5374.391602 0.000000 -0.992274 0.000000 0.124065 1.000000 1.000000 1.000000
1987.182129 0.000000 5020.008789 0.000000 0.972465 0.000000 0.233047 1.000000 1.000000 1.000000
1370.447266 0.000000 5577.500000 0.000000 0.889529 0.000000 0.456878 1.000000 1.000000 1.000000
1393.410767 0.000000 5594.939453 0.000000 0.905816 0.000000 0.423672 1.000000 1.000000 1.000000
1423.417969 0.000000 5615.311523 0.000000 0.894699 0.000000 0.446669 1.000000 1.000000 1.000000
1460.507202 0.000000 5637.077148 0.000000 -0.949083 0.000000 -0.315027 1.000000 1.000000 1.000000
1564.494873 0.000000 5685.240234 0.000000 -0.893259 0.000000 -0.449542 1.000000 1.000000 1.000000
1585.167236 0.000000 5710.330078 0.000000 -0.864957 0.000000 -0.501845 1.000000 1.000000 1.000000
1614.223267 0.000000 5747.295898 0.000000 0.075383 0.000000 0.997155 1.000000 1.000000 1.000000
1680.995605 0.000000 5857.290039 0.000000 -0.868972 0.000000 -0.494860 1.000000 1.000000 1.000000
1695.847900 0.000000 5872.815430 0.000000 -0.853953 0.000000 -0.520350 1.000000 1.000000 1.000000
1735.120117 0.000000 5906.955078 0.000000 -0.883024 0.000000 -0.469328 1.000000 1.000000 1.000000
1851.180176 0.000000 6033.380859 0.000000 0.937384 0.000000 0.348297 1.000000 1.000000 1.000000
1871.926270 0.000000 6058.424805 0.000000 -0.927479 0.000000 -0.373875 1.000000 1.000000 1.000000
1984.837402 0.000000 6092.312500 0.000000 -0.998080 0.000000 -0.061931 1.000000 1.000000 1.000000
2011.009277 0.000000 6098.196289 0.000000 0.988943 0.000000 0.148296 1.000000 1.000000 1.000000
2047.777344 0.000000 6093.021484 0.000000 0.987478 0.000000 -0.157759 1.000000 1.000000 1.000000
2101.780762 0.000000 6078.485352 0.000000 0.913917 0.000000 0.405901 1.000000 1.000000 1.000000
2120.515137 0.000000 6100.640625 0.000000 0.933277 0.000000 0.359159 1.000000 1.000000 1.000000
2151.741211 0.000000 6088.537109 0.000000 0.855581 0.000000 0.517669 1.000000 1.000000 1.000000
2142.652344 0.000000 6100.254883 0.000000 0.714358 0.000000 -0.699780 1.000000 1.000000 1.000000
2194.905762 0.000000 6107.950195 0.000000 -0.999806 0.000000 0.019709 1.000000 1.000000 1.000000
2225.644287 0.000000 6051.205078 0.000000 -0.996022 0.000000 0.089111 1.000000 1.000000 1.000000
2254.887451 0.000000 6043.177734 0.000000 0.985400 0.000000 -0.170253 1.000000 1.000000 1.000000
2339.593262 0.000000 6023.646484 0.000000 0.994678 0.000000 -0.103032 1.000000 1.000000 1.000000
772.612793 0.000000 4993.791016 0.000000 0.997246 0.000000 0.074169 1.000000 1.000000 1.000000
752.358826 0.000000 4994.061523 0.000000 0.990800 0.000000 0.135336 1.000000 1.000000 1.000000
737.496582 0.000000 5066.402344 0.000000 -0.480195 0.000000 0.877162 1.000000 1.000000 1.000000
244.939697 0.000000 6044.254883 0.000000 0.943971 0.000000 0.330028 1.000000 1.000000 1.000000
210.902985 0.000000 6018.557617 0.000000 0.934785 0.000000 0.355214 1.000000 1.000000 1.000000
231.680176 0.000000 5997.041992 0.000000 0.145620 0.000000 0.989341 1.000000 1.000000 1.000000
246.636841 0.000000 5980.146484 0.000000 -0.974335 0.000000 -0.225104 1.000000 1.000000 1.000000
224.084778 0.000000 5949.421875 0.000000 0.355375 0.000000 0.934724 1.000000 1.000000 1.000000
202.418121 0.000000 5897.963867 0.000000 0.830079 0.000000 0.557645 1.000000 1.000000 1.000000
293.934937 0.000000 6001.791992 0.000000 -0.505025 0.000000 0.863105 1.000000 1.000000 1.000000
518.456055 0.000000 5905.195312 0.000000 -0.268478 0.000000 0.963286 1.000000 1.000000 1.000000
438.599854 0.000000 5859.882812 0.000000 0.030761 0.000000 0.999527 1.000000 1.000000 1.000000
367.215240 0.000000 5839.961914 0.000000 0.090752 0.000000 0.995873 1.000000 1.000000 1.000000
658.672913 0.000000 5649.384766 0.000000 0.068854 0.000000 0.997627 1.000000 1.000000 1.000000
701.294739 0.000000 5656.851562 0.000000 -0.156881 0.000000 0.987617 1.000000 1.000000 1.000000
669.439880 0.000000 5669.725586 0.000000 -0.999497 0.000000 -0.031707 1.000000 1.000000 1.000000
674.377930 0.000000 5618.112305 0.000000 0.212576 0.000000 0.977145 1.000000 1.000000 1.000000
949.753052 0.000000 5501.145508 0.000000 0.795869 0.000000 0.605470 1.000000 1.000000 1.000000
238.863342 0.000000 3285.764404 0.000000 0.831590 0.000000 0.555390 1.000000 1.000000 1.000000
159.591919 0.000000 3246.756348 0.000000 0.332133 0.000000 0.943233 1.000000 1.000000 1.000000
138.007629 0.000000 3278.160400 0.000000 -0.513094 0.000000 0.858332 1.000000 1.000000 1.000000
1566.199951 0.000000 3683.188721 0.000000 -0.584998 0.000000 0.811035 1.000000 1.000000 1.000000
1507.036011 0.000000 3697.601562 0.000000 -0.995199 0.000000 -0.097870 1.000000 1.000000 1.000000
1477.182617 0.000000 3681.270752 0.000000 -0.993655 0.000000 -0.112467 1.000000 1.000000 1.000000
1172.593018 0.000000 3696.300049 0.000000 -0.960422 0.000000 0.278549 1.000000 1.000000 1.000000
1156.820312 0.000000 3696.101807 0.000000 -0.960422 0.000000 0.278549 1.000000 1.000000 1.000000
1142.630615 0.000000 3697.675781 0.000000 0.910030 0.000000 0.414542 1.000000 1.000000 1.000000
1064.560791 0.000000 3688.008057 0.000000 -0.999271 0.000000 -0.038188 1.000000 1.000000 1.000000
737.729248 0.000000 3631.675537 0.000000 0.996214 0.000000 0.086937 1.000000 1.000000 1.000000
748.977905 0.000000 3627.933350 0.000000 -0.968802 0.000000 0.247836 1.000000 1.000000 1.000000
817.132080 0.000000 3619.266357 0.000000 0.947952 0.000000 -0.318413 1.000000 1.000000 1.000000
828.082458 0.000000 3724.195068 0.000000 -0.002548 0.000000 0.999997 1.000000 1.000000 1.000000
837.857910 0.000000 3720.244873 0.000000 0.301268 0.000000 0.953539 1.000000 1.000000 1.000000
855.251282 0.000000 3725.451416 0.000000 -0.515026 0.000000 0.857174 1.000000 1.000000 1.000000
950.196167 0.000000 3829.376221 0.000000 -0.158350 0.000000 0.987383 1.000000 1.000000 1.000000
960.428711 0.000000 3834.296631 0.000000 -0.362919 0.000000 0.931821 1.000000 1.000000 1.000000
1062.345093 0.000000 4019.673096 0.000000 -0.074409 0.000000 0.997228 1.000000 1.000000 1.000000
1142.749878 0.000000 3870.074463 0.000000 -0.173720 0.000000 0.984795 1.000000 1.000000 1.000000
1151.312134 0.000000 3880.140869 0.000000 -0.641574 0.000000 0.767061 1.000000 1.000000 1.000000
1130.163940 0.000000 3871.251221 0.000000 0.256530 0.000000 0.966536 1.000000 1.000000 1.000000
1196.208374 0.000000 3904.898682 0.000000 0.218797 0.000000 0.975770 1.000000 1.000000 1.000000
1129.437012 0.000000 4078.476074 0.000000 0.869206 0.000000 -0.494449 1.000000 1.000000 1.000000
1131.163208 0.000000 4099.920898 0.000000 0.977129 0.000000 -0.212647 1.000000 1.000000 1.000000
1124.239136 0.000000 4111.557617 0.000000 0.908336 0.000000 -0.418241 1.000000 1.000000 1.000000
1119.666870 0.000000 4120.945312 0.000000 -0.780288 0.000000 0.625420 1.000000 1.000000 1.000000
1295.672241 0.000000 4132.363281 0.000000 -0.131748 0.000000 -0.991283 1.000000 1.000000 1.000000
1317.680786 0.000000 4141.823242 0.000000 -0.028271 0.000000 0.999600 1.000000 1.000000 1.000000
1342.425781 0.000000 4164.627930 0.000000 -0.407062 0.000000 0.913401 1.000000 1.000000 1.000000
1355.382935 0.000000 4175.330078 0.000000 -0.499054 0.000000 0.866571 1.000000 1.000000 1.000000
1440.943604 0.000000 4066.843018 0.000000 0.753215 0.000000 0.657775 1.000000 1.000000 1.000000
1444.541504 0.000000 4055.348389 0.000000 0.168068 0.000000 0.985775 1.000000 1.000000 1.000000
1448.942383 0.000000 4040.104004 0.000000 0.132649 0.000000 0.991163 1.000000 1.000000 1.000000
1445.742188 0.000000 3858.949951 0.000000 0.822038 0.000000 0.569432 1.000000 1.000000 1.000000
1467.812866 0.000000 3811.607422 0.000000 0.066936 0.000000 0.997757 1.000000 1.000000 1.000000
1483.068726 0.000000 3814.075195 0.000000 -0.432942 0.000000 0.901422 1.000000 1.000000 1.000000
1502.912598 0.000000 3827.131104 0.000000 0.287539 0.000000 0.957769 1.000000 1.000000 1.000000
1523.632812 0.000000 3922.335449 0.000000 -0.603577 0.000000 0.797305 1.000000 1.000000 1.000000
1697.960449 0.000000 3989.733154 0.000000 -0.454960 0.000000 -0.890512 1.000000 1.000000 1.000000
1721.343994 0.000000 3987.883057 0.000000 0.147153 0.000000 0.989114 1.000000 1.000000 1.000000
1945.066406 0.000000 3850.780518 0.000000 -0.716603 0.000000 0.697481 1.000000 1.000000 1.000000
1911.945679 0.000000 3878.779297 0.000000 -0.770732 0.000000 0.637159 1.000000 1.000000 1.000000
1716.852295 0.000000 4328.654297 0.000000 0.354373 0.000000 0.935104 1.000000 1.000000 1.000000
1808.650146 0.000000 4188.099609 0.000000 0.333196 0.000000 0.942858 1.000000 1.000000 1.000000
1854.462891 0.000000 4161.391602 0.000000 0.525627 0.000000 0.850715 1.000000 1.000000 1.000000
1891.947876 0.000000 4131.537109 0.000000 0.064637 0.000000 0.997909 1.000000 1.000000 1.000000
2027.537354 0.000000 4068.794922 0.000000 0.292125 0.000000 0.956380 1.000000 1.000000 1.000000
2383.395508 0.000000 3574.392334 0.000000 0.186823 0.000000 0.982394 1.000000 1.000000 1.000000
2393.898193 0.000000 3572.112061 0.000000 0.000000 0.000000 1.000000 1.000000 1.000000 1.000000
2966.446777 0.000000 3569.284668 0.000000 0.924312 0.000000 0.381637 1.000000 1.000000 1.000000
2969.462158 0.000000 3578.370361 0.000000 0.680253 0.000000 0.732977 1.000000 1.000000 1.000000
2984.520752 0.000000 3613.364990 0.000000 0.612637 0.000000 0.790364 1.000000 1.000000 1.000000
2620.752197 0.000000 3695.846191 0.000000 0.141068 0.000000 0.990000 1.000000 1.000000 1.000000
2603.339844 0.000000 3695.322510 0.000000 0.087048 0.000000 0.996204 1.000000 1.000000 1.000000
2438.889404 0.000000 3593.010742 0.000000 0.981077 0.000000 0.193620 1.000000 1.000000 1.000000
2408.132324 0.000000 3597.381104 0.000000 0.994144 0.000000 0.108060 1.000000 1.000000 1.000000
2389.260254 0.000000 3596.018799 0.000000 0.969999 0.000000 0.243110 1.000000 1.000000 1.000000
2398.822754 0.000000 3597.330322 0.000000 -0.999986 0.000000 -0.005314 1.000000 1.000000 1.000000
2353.650146 0.000000 3601.302979 0.000000 0.992724 0.000000 -0.120409 1.000000 1.000000 1.000000
2360.303711 0.000000 3602.848877 0.000000 0.895556 0.000000 0.444948 1.000000 1.000000 1.000000
2372.392578 0.000000 3597.566162 0.000000 -0.864563 0.000000 0.502524 1.000000 1.000000 1.000000
2573.917480 0.000000 3675.811035 0.000000 0.959679 0.000000 0.281098 1.000000 1.000000 1.000000
2523.086426 0.000000 3611.485596 0.000000 0.656352 0.000000 0.754455 1.000000 1.000000 1.000000
2524.989990 0.000000 3621.925537 0.000000 0.865497 0.000000 0.500913 1.000000 1.000000 1.000000
2301.301025 0.000000 3649.335693 0.000000 -0.962270 0.000000 0.272095 1.000000 1.000000 1.000000
2300.968262 0.000000 3689.564453 0.000000 -0.846464 0.000000 0.532447 1.000000 1.000000 1.000000
2292.855469 0.000000 3728.832275 0.000000 0.326829 0.000000 0.945083 1.000000 1.000000 1.000000
2332.477051 0.000000 3760.501709 0.000000 -0.320196 0.000000 -0.947351 1.000000 1.000000 1.000000
2354.103271 0.000000 3777.967041 0.000000 -0.689459 0.000000 0.724325 1.000000 1.000000 1.000000
2353.438965 0.000000 3745.530029 0.000000 -0.232205 0.000000 0.972667 1.000000 1.000000 1.000000
2371.805664 0.000000 3787.152588 0.000000 -0.983022 0.000000 0.183490 1.000000 1.000000 1.000000
2349.802246 0.000000 3822.610596 0.000000 -0.999320 0.000000 -0.036861 1.000000 1.000000 1.000000
2339.730225 0.000000 3822.558105 0.000000 0.982313 0.000000 -0.187247 1.000000 1.000000 1.000000
2326.525635 0.000000 3827.682373 0.000000 -0.995366 0.000000 0.096160 1.000000 1.000000 1.000000
2318.835693 0.000000 3832.105713 0.000000 -0.861201 0.000000 0.508264 1.000000 1.000000 1.000000
2259.457275 0.000000 3942.578369 0.000000 -0.808943 0.000000 0.587887 1.000000 1.000000 1.000000
2350.465576 0.000000 3929.842285 0.000000 0.391520 0.000000 0.920170 1.000000 1.000000 1.000000
2333.058594 0.000000 3930.341309 0.000000 -0.942145 0.000000 0.335205 1.000000 1.000000 1.000000
2379.346924 0.000000 3971.426514 0.000000 0.772038 0.000000 -0.635577 1.000000 1.000000 1.000000
2377.085693 0.000000 3960.912354 0.000000 -0.356940 0.000000 0.934127 1.000000 1.000000 1.000000
2457.164551 0.000000 3943.295654 0.000000 0.542590 0.000000 0.839998 1.000000 1.000000 1.000000
2455.859863 0.000000 3934.027100 0.000000 0.773612 0.000000 0.633660 1.000000 1.000000 1.000000
2449.689453 0.000000 3857.960205 0.000000 0.259684 0.000000 0.965694 1.000000 1.000000 1.000000
2467.804932 0.000000 3849.551514 0.000000 0.112220 0.000000 0.993683 1.000000 1.000000 1.000000
2477.928223 0.000000 3847.853271 0.000000 -0.073420 0.000000 0.997301 1.000000 1.000000 1.000000
2495.274902 0.000000 3848.904541 0.000000 0.387163 0.000000 0.922011 1.000000 1.000000 1.000000
2472.177979 0.000000 3823.551025 0.000000 0.712247 0.000000 0.701929 1.000000 1.000000 1.000000
2457.411865 0.000000 3823.069580 0.000000 0.997677 0.000000 -0.068128 1.000000 1.000000 1.000000
2451.929932 0.000000 3790.925781 0.000000 -0.404044 0.000000 -0.914740 1.000000 1.000000 1.000000
2446.551758 0.000000 3813.319092 0.000000 0.499622 0.000000 0.866243 1.000000 1.000000 1.000000
2377.005859 0.000000 3826.951904 0.000000 0.289000 0.000000 0.957329 1.000000 1.000000 1.000000
2369.813965 0.000000 3837.897705 0.000000 0.701823 0.000000 0.712351 1.000000 1.000000 1.000000
2396.674805 0.000000 3913.609375 0.000000 0.623004 0.000000 0.782219 1.000000 1.000000 1.000000
2417.957275 0.000000 3914.655029 0.000000 0.566075 0.000000 -0.824354 1.000000 1.000000 1.000000
2456.489014 0.000000 3944.362305 0.000000 0.463196 0.000000 0.886256 1.000000 1.000000 1.000000
2498.333984 0.000000 3791.664551 0.000000 0.522078 0.000000 0.852898 1.000000 1.000000 1.000000
2519.959961 0.000000 3780.376465 0.000000 0.082973 0.000000 0.996552 1.000000 1.000000 1.000000
2468.293945 0.000000 3756.582031 0.000000 0.999669 0.000000 -0.025728 1.000000 1.000000 1.000000
2459.351807 0.000000 3750.700684 0.000000 0.871966 0.000000 0.489566 1.000000 1.000000 1.000000
2515.494629 0.000000 3754.493408 0.000000 0.160045 0.000000 0.987110 1.000000 1.000000 1.000000
2529.641357 0.000000 3725.182861 0.000000 0.989477 0.000000 0.144689 1.000000 1.000000 1.000000
2529.255371 0.000000 3734.676514 0.000000 0.092549 0.000000 0.995708 1.000000 1.000000 1.000000
2522.855713 0.000000 3741.503174 0.000000 0.733478 0.000000 0.679713 1.000000 1.000000 1.000000
2525.218018 0.000000 3715.682861 0.000000 0.579714 0.000000 0.814820 1.000000 1.000000 1.000000
2503.519043 0.000000 3719.288330 0.000000 0.502686 0.000000 0.864469 1.000000 1.000000 1.000000
2509.939453 0.000000 3709.417480 0.000000 0.633451 0.000000 0.773783 1.000000 1.000000 1.000000
2487.537598 0.000000 3732.655273 0.000000 0.658398 0.000000 0.752670 1.000000 1.000000 1.000000
2579.126709 0.000000 3653.598145 0.000000 -0.631749 0.000000 0.775173 1.000000 1.000000 1.000000
2449.086914 0.000000 3596.139893 0.000000 -0.996849 0.000000 0.079319 1.000000 1.000000 1.000000
2427.899658 0.000000 3701.811768 0.000000 0.465088 0.000000 0.885264 1.000000 1.000000 1.000000
2397.581299 0.000000 3771.611816 0.000000 -0.931667 0.000000 0.363313 1.000000 1.000000 1.000000
2405.420898 0.000000 3761.951904 0.000000 -0.761227 0.000000 0.648485 1.000000 1.000000 1.000000
2415.097168 0.000000 3751.878174 0.000000 -0.990594 0.000000 0.136833 1.000000 1.000000 1.000000
2360.551514 0.000000 3777.586914 0.000000 0.336043 0.000000 0.941847 1.000000 1.000000 1.000000
2423.460938 0.000000 3682.692139 0.000000 0.381500 0.000000 0.924369 1.000000 1.000000 1.000000
2378.813965 0.000000 3674.769775 0.000000 -0.146987 0.000000 0.989138 1.000000 1.000000 1.000000
2388.272217 0.000000 3700.161621 0.000000 0.494963 0.000000 0.868914 1.000000 1.000000 1.000000
2373.868896 0.000000 3743.176514 0.000000 -0.551760 0.000000 0.834003 1.000000 1.000000 1.000000
2441.786377 0.000000 3717.427979 0.000000 -0.855881 0.000000 0.517173 1.000000 1.000000 1.000000
3067.060303 0.000000 3088.485596 0.000000 0.300927 0.000000 0.953647 1.000000 1.000000 1.000000
3735.278564 0.000000 3155.145264 0.000000 -0.406491 0.000000 0.913655 1.000000 1.000000 1.000000
3747.252441 0.000000 3187.747803 0.000000 -0.658490 0.000000 0.752589 1.000000 1.000000 1.000000
3742.763916 0.000000 3209.058838 0.000000 -0.735570 0.000000 0.677449 1.000000 1.000000 1.000000
3746.644775 0.000000 3226.450684 0.000000 -0.620279 0.000000 0.784382 1.000000 1.000000 1.000000
3739.810059 0.000000 3237.891846 0.000000 0.989016 0.000000 -0.147807 1.000000 1.000000 1.000000
3732.792969 0.000000 3244.367188 0.000000 -0.865390 0.000000 0.501098 1.000000 1.000000 1.000000
3690.182129 0.000000 3250.406494 0.000000 0.974081 0.000000 0.226201 1.000000 1.000000 1.000000
3685.823975 0.000000 3409.440186 0.000000 0.841586 0.000000 0.540123 1.000000 1.000000 1.000000
4232.079102 0.000000 3236.211670 0.000000 -0.064165 0.000000 0.997939 1.000000 1.000000 1.000000
4249.458008 0.000000 3235.424316 0.000000 -0.257267 0.000000 0.966340 1.000000 1.000000 1.000000
4259.397461 0.000000 3240.529541 0.000000 -0.135930 0.000000 0.990718 1.000000 1.000000 1.000000
6024.408691 0.000000 3023.269531 0.000000 -0.294284 0.000000 0.955718 1.000000 1.000000 1.000000
"}
