object={
	name="env_desert_ambient_close"
	clamp_to_water_level=yes
	render_under_water=yes
	generated_content=no
	layer="env_effect_layer"
	entity="env_desert_plains_ambient"
	count=18
	transform="5463.660156 0.000000 3943.243408 0.000000 0.000000 0.000000 1.000000 0.552173 0.552173 0.552173
5555.565430 0.000000 3958.935059 0.000000 0.000000 0.000000 1.000000 0.297986 0.297986 0.297986
5634.718750 0.000000 3972.773438 0.000000 0.000000 0.000000 1.000000 0.312842 0.312842 0.312842
5440.402344 0.000000 3999.488770 0.000000 0.000000 0.000000 1.000000 0.283594 0.283594 0.283594
5465.198242 0.000000 3838.645996 0.000000 0.000000 0.000000 1.000000 0.242018 0.242018 0.242018
5447.687500 0.000000 3871.708496 0.000000 0.000000 0.000000 1.000000 0.251880 0.251880 0.251880
5894.465820 0.000000 4381.023438 0.000000 0.000000 0.000000 1.000000 0.637500 0.637500 0.637500
5939.931641 1.051514 4391.122559 0.000000 0.000000 0.000000 1.000000 0.809375 0.809375 0.809375
6103.109375 0.000000 4340.454102 0.000000 0.000000 0.000000 1.000000 1.088477 1.088477 1.088477
6166.661133 0.000000 4385.331543 0.000000 0.000000 0.000000 1.000000 0.864160 0.864160 0.864160
6166.493164 0.000000 4270.247559 0.000000 0.000000 0.000000 1.000000 0.236219 0.236219 0.236219
6307.916016 0.000000 4289.590332 0.000000 0.000000 0.000000 1.000000 0.325684 0.325684 0.325684
6285.540039 0.000000 4356.044434 0.000000 0.000000 0.000000 1.000000 0.289404 0.289404 0.289404
6311.410156 0.000000 4319.977539 0.000000 0.000000 0.000000 1.000000 0.273193 0.273193 0.273193
6303.208984 0.000000 4347.555176 0.000000 0.000000 0.000000 1.000000 0.252507 0.252507 0.252507
4565.234375 0.000000 4505.451172 0.000000 0.000000 0.000000 1.000000 1.406836 1.406836 1.406836
4451.675781 0.000000 4524.172363 0.000000 0.000000 0.000000 1.000000 1.696492 1.696492 1.696492
4320.783203 0.000000 4578.921387 0.000000 0.000000 0.000000 1.000000 1.411133 1.411133 1.411133
"}
object={
	name="env_desert_mountains"
	clamp_to_water_level=yes
	render_under_water=no
	generated_content=no
	layer="env_effect_mountains_layer"
	entity="env_desert_mountains"
	count=139
	transform="779.505371 -0.837280 3760.347168 0.000000 0.000000 0.000000 1.000000 0.448315 0.448315 0.448315
807.087646 1.222046 3755.605469 0.000000 0.000000 0.000000 1.000000 0.344629 0.344629 0.344629
380.016815 0.051819 2470.319580 0.000000 0.000000 0.000000 1.000000 0.471188 0.471188 0.471188
385.642273 0.000000 2418.568359 0.000000 0.000000 0.000000 1.000000 0.524271 0.524271 0.524271
396.561249 1.717834 2361.071045 0.000000 0.000000 0.000000 1.000000 0.415286 0.415286 0.415286
1590.794312 0.923645 2344.478516 0.000000 0.000000 0.000000 1.000000 0.685159 0.685159 0.685159
1860.202393 0.673035 2387.250488 0.000000 0.000000 0.000000 1.000000 0.533850 0.533850 0.533850
2125.211670 0.000000 2431.871826 0.000000 0.000000 0.000000 1.000000 0.568030 0.568030 0.568030
3265.063232 0.000000 2523.277832 0.000000 0.000000 0.000000 1.000000 0.586319 0.586319 0.586319
3303.649902 0.000000 2590.500732 0.000000 0.000000 0.000000 1.000000 0.299982 0.299982 0.299982
3272.642090 0.000000 2626.121094 0.000000 0.000000 0.000000 1.000000 0.285730 0.285730 0.285730
3153.268066 0.000000 2709.067871 0.000000 0.000000 0.000000 1.000000 0.263580 0.263580 0.263580
3038.519043 0.000000 2891.228516 0.000000 0.000000 0.000000 1.000000 0.486504 0.486504 0.486504
1130.188721 0.000000 2408.318359 0.000000 0.000000 0.000000 1.000000 0.335573 0.335573 0.335573
798.796082 0.000000 2504.878418 0.000000 0.000000 0.000000 1.000000 0.493285 0.493285 0.493285
525.122925 0.000000 3296.838623 0.000000 0.000000 0.000000 1.000000 0.446889 0.446889 0.446889
570.135864 0.000000 3331.833008 0.000000 0.137805 0.000000 0.990459 0.608395 0.608395 0.608395
609.295349 0.000000 3362.614746 0.000000 0.000000 0.000000 1.000000 0.240674 0.240674 0.240674
554.903442 -0.932129 3392.872559 0.000000 0.000000 0.000000 1.000000 0.403040 0.403040 0.403040
693.845520 0.000000 3441.428711 0.000000 0.000000 0.000000 1.000000 0.724780 0.724780 0.724780
740.968079 0.000000 3544.287598 0.000000 0.000000 0.000000 1.000000 0.548730 0.548730 0.548730
675.881592 -0.303955 3630.316895 0.000000 0.000000 0.000000 1.000000 0.325818 0.325818 0.325818
714.821411 0.000000 3589.539062 0.000000 0.000000 0.000000 1.000000 0.254944 0.254944 0.254944
632.869751 0.000000 3534.846191 0.000000 0.000000 0.000000 1.000000 0.265625 0.265625 0.265625
714.125427 -0.557861 3611.136719 0.000000 0.000000 0.000000 1.000000 0.248340 0.248340 0.248340
633.053955 -0.563843 3329.104492 0.000000 0.000000 0.000000 1.000000 0.268420 0.268420 0.268420
1142.656860 0.000000 3515.717529 0.000000 0.000000 0.000000 1.000000 0.437378 0.437378 0.437378
1363.998657 0.000000 3565.130371 0.000000 0.000000 0.000000 1.000000 0.393957 0.393957 0.393957
1272.377197 0.000000 3616.246582 0.000000 0.000000 0.000000 1.000000 0.270215 0.270215 0.270215
1328.862427 0.784058 3662.944824 0.000000 0.000000 0.000000 1.000000 0.279565 0.279565 0.279565
1257.894409 0.000000 3650.945068 0.000000 0.000000 0.000000 1.000000 0.217859 0.217859 0.217859
1234.468018 0.000000 3667.290527 0.000000 0.000000 0.000000 1.000000 0.264062 0.264062 0.264062
1121.010010 0.327026 3669.428223 0.000000 0.000000 0.000000 1.000000 0.195154 0.195154 0.195154
998.983826 0.000000 3643.783691 0.000000 0.000000 0.000000 1.000000 0.160718 0.160718 0.160718
1112.765015 0.000000 3638.865723 0.000000 0.000000 0.000000 1.000000 0.160718 0.160718 0.160718
1141.709229 0.000000 3647.264648 0.000000 0.000000 0.000000 1.000000 0.160718 0.160718 0.160718
1083.967285 0.000000 3670.495117 0.000000 0.000000 0.000000 1.000000 0.160718 0.160718 0.160718
827.007385 0.000000 2428.357910 0.000000 0.000000 0.000000 1.000000 0.684759 0.684759 0.684759
1020.560547 -0.919861 2218.402344 0.000000 0.000000 0.000000 1.000000 0.213333 0.213333 0.213333
1052.481323 -0.919861 2240.784424 0.000000 0.000000 0.000000 1.000000 0.213333 0.213333 0.213333
1094.783203 0.000000 2217.260010 0.000000 0.000000 0.000000 1.000000 0.213333 0.213333 0.213333
3414.225830 1.027893 2635.345215 0.000000 0.000000 0.000000 1.000000 0.472009 0.472009 0.472009
3399.123535 0.000000 2676.428467 0.000000 0.000000 0.000000 1.000000 0.356018 0.356018 0.356018
2865.924316 -0.130005 3287.139160 0.000000 0.000000 0.000000 1.000000 0.277991 0.277991 0.277991
2903.447998 -0.130005 3259.984375 0.000000 0.000000 0.000000 1.000000 0.526409 0.526409 0.526409
3094.860596 -0.130005 3133.958008 0.000000 0.000000 0.000000 1.000000 0.526409 0.526409 0.526409
3262.445312 -0.130005 3056.238037 0.000000 0.000000 0.000000 1.000000 0.526409 0.526409 0.526409
3239.413818 -0.130005 2941.715576 0.000000 0.000000 0.000000 1.000000 0.526409 0.526409 0.526409
3287.323975 -0.130005 2889.690674 0.000000 0.000000 0.000000 1.000000 0.526409 0.526409 0.526409
3311.770752 -0.130005 2857.737305 0.000000 0.000000 0.000000 1.000000 0.526409 0.526409 0.526409
3326.483154 -1.111389 2829.799316 0.000000 0.000000 0.000000 1.000000 0.526409 0.526409 0.526409
3354.269043 -1.111389 2798.033447 0.000000 0.000000 0.000000 1.000000 0.526409 0.526409 0.526409
3372.462646 0.882874 2764.863525 0.000000 0.000000 0.000000 1.000000 0.526409 0.526409 0.526409
4045.719971 0.000000 3120.496094 0.000000 0.000000 0.000000 1.000000 0.353748 0.353748 0.353748
3030.969482 -0.378906 3584.381348 0.000000 0.000000 0.000000 1.000000 0.221167 0.221167 0.221167
3023.538330 0.000000 3576.915527 0.000000 0.000000 0.000000 1.000000 0.166528 0.166528 0.166528
2996.432373 0.000000 3583.371826 0.000000 0.000000 0.000000 1.000000 0.166528 0.166528 0.166528
3005.488281 0.000000 3598.083252 0.000000 0.000000 0.000000 1.000000 0.166528 0.166528 0.166528
3465.396484 3.036987 3746.644775 0.000000 0.000000 0.000000 1.000000 0.578479 0.578479 0.578479
3409.991699 0.950562 3791.298828 0.000000 0.000000 0.000000 1.000000 0.431873 0.431873 0.431873
3381.327881 0.000000 3851.942871 0.000000 0.000000 0.000000 1.000000 0.623132 0.623132 0.623132
3279.731689 0.000000 3878.827637 0.000000 0.000000 0.000000 1.000000 0.338953 0.338953 0.338953
3556.155518 0.000000 3880.914551 0.000000 0.000000 0.000000 1.000000 0.226855 0.226855 0.226855
3570.602295 -0.597290 3907.201172 0.000000 0.000000 0.000000 1.000000 0.141367 0.141367 0.141367
3736.182373 1.348633 3622.431641 0.000000 0.000000 0.000000 1.000000 0.527441 0.527441 0.527441
3874.854736 -0.900757 3406.629883 0.000000 0.000000 0.000000 1.000000 0.508630 0.508630 0.508630
3805.523438 -0.074219 3383.180908 0.000000 0.000000 0.000000 1.000000 0.539233 0.539233 0.539233
3882.255859 0.000000 3333.399902 0.000000 0.000000 0.000000 1.000000 0.499768 0.499768 0.499768
3963.954346 0.000000 3379.974121 0.000000 0.000000 0.000000 1.000000 0.384802 0.384802 0.384802
3985.282715 0.615479 3669.055908 0.000000 0.000000 0.000000 1.000000 0.298071 0.298071 0.298071
3980.817627 0.615479 3682.413574 0.000000 0.000000 0.000000 1.000000 0.298071 0.298071 0.298071
3687.092041 0.000000 3787.454834 0.000000 0.000000 0.000000 1.000000 0.352063 0.352063 0.352063
3734.138184 0.597168 3763.756348 0.000000 0.000000 0.000000 1.000000 0.276819 0.276819 0.276819
3765.770020 0.000000 3765.653809 0.000000 0.000000 0.000000 1.000000 0.268115 0.268115 0.268115
3793.836670 0.000000 3805.009277 0.000000 0.000000 0.000000 1.000000 0.284729 0.284729 0.284729
3808.410156 1.421997 3818.937500 0.000000 0.000000 0.000000 1.000000 0.225977 0.225977 0.225977
3875.220947 0.000000 3865.020264 0.000000 0.000000 0.000000 1.000000 0.239978 0.239978 0.239978
3888.485107 1.209595 3879.702148 0.000000 0.000000 0.000000 1.000000 0.213806 0.213806 0.213806
3923.799072 0.000000 3885.054443 0.000000 0.000000 0.000000 1.000000 0.155676 0.155676 0.155676
3939.137939 0.904053 3886.396484 0.000000 0.000000 0.000000 1.000000 0.204199 0.204199 0.204199
3995.709717 0.388428 3920.548828 0.000000 0.000000 0.000000 1.000000 0.183093 0.183093 0.183093
4018.171631 0.000000 3865.984619 0.000000 0.000000 0.000000 1.000000 0.208643 0.208643 0.208643
4061.776611 0.000000 3878.626953 0.000000 0.000000 0.000000 1.000000 0.236023 0.236023 0.236023
4075.124756 0.000000 3866.747070 0.000000 0.000000 0.000000 1.000000 0.155371 0.155371 0.155371
4452.320312 0.000000 3378.643555 0.000000 0.000000 0.000000 1.000000 0.308215 0.308215 0.308215
4446.602539 0.000000 3350.405762 0.000000 0.000000 0.000000 1.000000 0.252710 0.252710 0.252710
4497.311523 0.664185 3379.056396 0.000000 0.000000 0.000000 1.000000 0.273825 0.273825 0.273825
4501.129883 0.701416 3397.825684 0.000000 0.000000 0.000000 1.000000 0.290991 0.290991 0.290991
4502.375977 0.000000 3415.317871 0.000000 0.000000 0.000000 1.000000 0.162781 0.162781 0.162781
4484.434570 0.816650 3460.327393 0.000000 0.000000 0.000000 1.000000 0.394958 0.394958 0.394958
4485.106445 1.739868 3487.994629 0.000000 0.000000 0.000000 1.000000 0.241467 0.241467 0.241467
4475.692383 0.427246 3521.392090 0.000000 0.000000 0.000000 1.000000 0.407288 0.407288 0.407288
4593.217773 0.000000 3539.927490 0.000000 0.000000 0.000000 1.000000 0.816284 0.816284 0.816284
4597.851562 0.000000 3582.762207 0.000000 0.000000 0.000000 1.000000 0.670483 0.670483 0.670483
4602.551758 0.000000 3631.019775 0.000000 0.000000 0.000000 1.000000 0.580518 0.580518 0.580518
4576.738281 1.757080 3700.817627 0.000000 0.000000 0.000000 1.000000 0.469641 0.469641 0.469641
4535.958008 0.000000 3616.419434 0.000000 0.000000 0.000000 1.000000 1.000000 1.000000 1.000000
4483.227539 0.808716 3609.365723 0.000000 0.000000 0.000000 1.000000 1.000000 1.000000 1.000000
4527.458984 0.000000 3645.942871 0.000000 0.000000 0.000000 1.000000 1.000000 1.000000 1.000000
4439.641602 0.000000 3697.057617 0.000000 0.000000 0.000000 1.000000 1.000000 1.000000 1.000000
4450.550781 0.000000 3737.107910 0.000000 0.000000 0.000000 1.000000 1.000000 1.000000 1.000000
4316.958984 0.000000 3663.886230 0.000000 0.000000 0.000000 1.000000 0.440405 0.440405 0.440405
4239.188477 0.000000 3725.142578 0.000000 0.000000 0.000000 1.000000 0.453894 0.453894 0.453894
4365.699219 0.000000 3758.418457 0.000000 0.000000 0.000000 1.000000 0.504626 0.504626 0.504626
4345.787109 2.586670 3826.284668 0.000000 0.000000 0.000000 1.000000 0.558643 0.558643 0.558643
4416.600586 0.000000 3840.669922 0.000000 0.000000 0.000000 1.000000 1.000000 1.000000 1.000000
4501.593750 0.000000 3798.272461 0.000000 0.000000 0.000000 1.000000 0.713416 0.713416 0.713416
4458.429688 1.350952 3794.584961 0.000000 0.000000 0.000000 1.000000 0.426990 0.426990 0.426990
4557.877930 0.000000 3741.492676 0.000000 0.000000 0.000000 1.000000 0.385522 0.385522 0.385522
4609.685547 0.000000 3778.270020 0.000000 0.000000 0.000000 1.000000 0.443201 0.443201 0.443201
4561.198242 0.000000 3783.328613 0.000000 0.000000 0.000000 1.000000 0.561340 0.561340 0.561340
4582.175781 0.000000 3850.966797 0.000000 0.000000 0.000000 1.000000 1.000000 1.000000 1.000000
4626.276367 1.583496 3883.626709 0.000000 0.000000 0.000000 1.000000 0.515308 0.515308 0.515308
4563.829102 3.157715 3907.734863 0.000000 0.000000 0.000000 1.000000 0.675073 0.675073 0.675073
4506.623047 0.000000 3845.117188 0.000000 0.000000 0.000000 1.000000 0.370972 0.370972 0.370972
4674.369141 2.486572 3938.604248 0.000000 0.000000 0.000000 1.000000 0.491577 0.491577 0.491577
5112.345703 0.000000 3824.616211 0.000000 0.000000 0.000000 1.000000 0.647778 0.647778 0.647778
5154.082031 0.000000 3821.599609 0.000000 0.000000 0.000000 1.000000 1.000000 1.000000 1.000000
5082.811523 0.000000 3915.467285 0.000000 0.000000 0.000000 1.000000 0.553625 0.553625 0.553625
5126.090820 0.000000 3876.166992 0.000000 0.000000 0.000000 1.000000 0.464294 0.464294 0.464294
5160.314453 0.000000 3949.717773 0.000000 0.000000 0.000000 1.000000 0.704614 0.704614 0.704614
5233.439453 0.000000 3986.626465 0.000000 0.000000 0.000000 1.000000 0.605664 0.605664 0.605664
5290.213867 2.377075 4020.410156 0.000000 0.000000 0.000000 1.000000 1.249927 1.249927 1.249927
5351.947266 1.734253 4051.145020 0.000000 0.000000 0.000000 1.000000 1.320081 1.320081 1.320081
5337.870117 0.000000 4000.769043 0.000000 0.000000 0.000000 1.000000 0.661536 0.661536 0.661536
5457.136719 0.000000 4167.685059 0.000000 0.000000 0.000000 1.000000 1.000000 1.000000 1.000000
5545.531250 0.828613 4195.593262 0.000000 0.000000 0.000000 1.000000 0.470508 0.470508 0.470508
5624.268555 0.000000 4216.752441 0.000000 0.000000 0.000000 1.000000 0.347656 0.347656 0.347656
5898.717773 1.091064 4241.254395 0.000000 0.000000 0.000000 1.000000 0.367312 0.367312 0.367312
5872.796875 1.091064 4263.087402 0.000000 0.000000 0.000000 1.000000 0.367312 0.367312 0.367312
5848.482422 1.091064 4263.791504 0.000000 0.000000 0.000000 1.000000 0.367312 0.367312 0.367312
5849.840820 1.770508 4231.471191 0.000000 0.000000 0.000000 1.000000 0.367312 0.367312 0.367312
5823.277344 1.770508 4243.024414 0.000000 0.000000 0.000000 1.000000 0.367312 0.367312 0.367312
5833.584961 -0.663574 4177.442871 0.000000 0.000000 0.000000 1.000000 0.305434 0.305434 0.305434
5767.634766 -0.663574 4197.831543 0.000000 0.000000 0.000000 1.000000 0.276416 0.276416 0.276416
5712.839844 -0.663574 4243.934082 0.000000 0.000000 0.000000 1.000000 0.276416 0.276416 0.276416
5657.137695 0.000000 4221.785645 0.000000 0.000000 0.000000 1.000000 0.276416 0.276416 0.276416
4514.463867 1.328857 4316.398438 0.000000 0.000000 0.000000 1.000000 1.000000 1.000000 1.000000
4479.337891 0.000000 4372.687988 0.000000 0.000000 0.000000 1.000000 0.578418 0.578418 0.578418
"}
object={
	name="env_desert_plains"
	clamp_to_water_level=yes
	render_under_water=no
	generated_content=no
	layer="env_effect_layer"
	entity="env_desert_plains"
	count=15
	transform="384.959778 0.000000 2687.722900 0.000000 0.000000 0.000000 1.000000 0.741217 0.741217 0.741217
3410.103760 0.000000 3226.920410 0.000000 0.000000 0.000000 1.000000 0.671313 0.671313 0.671313
3435.204102 0.000000 3171.685059 0.000000 0.000000 0.000000 1.000000 0.665503 0.665503 0.665503
3419.000977 0.000000 3198.523926 0.000000 0.000000 0.000000 1.000000 0.534302 0.534302 0.534302
3459.014160 0.000000 3059.379639 0.000000 0.000000 0.000000 1.000000 0.722021 0.722021 0.722021
4747.361328 0.000000 3494.888672 0.000000 0.000000 0.000000 1.000000 1.000000 1.000000 1.000000
4792.294922 0.000000 3523.618164 0.000000 0.000000 0.000000 1.000000 1.000000 1.000000 1.000000
4618.144531 0.000000 3378.962158 0.000000 0.000000 0.000000 1.000000 1.000000 1.000000 1.000000
4628.201172 0.000000 3330.869873 0.000000 0.000000 0.000000 1.000000 1.000000 1.000000 1.000000
4263.855469 0.000000 3536.375000 0.000000 0.000000 0.000000 1.000000 0.667493 0.667493 0.667493
4253.837891 0.000000 3923.681152 0.000000 0.000000 0.000000 1.000000 0.711273 0.711273 0.711273
3908.811523 0.000000 4472.244629 0.000000 0.000000 0.000000 1.000000 0.714624 0.714624 0.714624
4770.203125 0.000000 4435.298340 0.000000 0.000000 0.000000 1.000000 1.000000 1.000000 1.000000
5806.389648 0.000000 4380.693848 0.000000 0.000000 0.000000 1.000000 0.636865 0.636865 0.636865
5381.627930 0.000000 3853.039062 0.000000 0.000000 0.000000 1.000000 1.000000 1.000000 1.000000
"}
object={
	name="env_desert_plains_ambient"
	clamp_to_water_level=yes
	render_under_water=no
	generated_content=no
	layer="env_effect_layer"
	entity="env_desert_plains_ambient"
	count=99
	transform="240.032532 0.000000 3000.407227 0.000000 0.000000 0.000000 1.000000 1.000000 1.000000 1.000000
226.878983 0.000000 2916.195312 0.000000 0.000000 0.000000 1.000000 1.000000 1.000000 1.000000
257.798187 0.000000 3076.660400 0.000000 0.000000 0.000000 1.000000 0.955786 0.955786 0.955786
317.602448 0.000000 3186.592529 0.000000 0.000000 0.000000 1.000000 1.000000 1.000000 1.000000
185.742691 0.000000 2960.879395 0.000000 0.000000 0.000000 1.000000 1.000000 1.000000 1.000000
453.649384 -0.242310 2949.170654 0.000000 0.000000 0.000000 1.000000 1.815253 1.815253 1.815253
634.882324 0.000000 2896.424805 0.000000 0.000000 0.000000 1.000000 2.668341 2.668341 2.668341
612.375244 0.000000 3107.291992 0.000000 0.000000 0.000000 1.000000 2.037744 2.037744 2.037744
955.315125 0.000000 2863.050781 0.000000 0.000000 0.000000 1.000000 2.198291 2.198291 2.198291
867.216675 0.000000 3030.846924 0.000000 0.000000 0.000000 1.000000 2.171826 2.171826 2.171826
1055.887207 0.000000 3352.543457 0.000000 0.000000 0.000000 1.000000 2.078748 2.078748 2.078748
941.213257 0.000000 3330.351562 0.000000 0.000000 0.000000 1.000000 1.765440 1.765440 1.765440
1360.329224 0.000000 3075.280029 0.000000 0.000000 0.000000 1.000000 2.440082 2.440082 2.440082
1411.266602 0.000000 3337.565430 0.000000 0.000000 0.000000 1.000000 1.757678 1.757678 1.757678
1287.432129 0.000000 3449.680908 0.000000 0.000000 0.000000 1.000000 1.000000 1.000000 1.000000
719.771362 0.000000 3296.741699 0.000000 0.000000 0.000000 1.000000 0.671838 0.671838 0.671838
564.779724 0.000000 3258.556152 0.000000 0.000000 0.000000 1.000000 0.475837 0.475837 0.475837
488.347015 0.000000 3235.152344 0.000000 0.000000 0.000000 1.000000 0.511557 0.511557 0.511557
1329.276123 0.000000 2742.708496 0.000000 0.000000 0.000000 1.000000 1.828168 1.828168 1.828168
1591.688599 0.000000 2866.569092 0.000000 0.000000 0.000000 1.000000 1.841754 1.841754 1.841754
1679.816284 0.000000 2640.541992 0.000000 0.000000 0.000000 1.000000 1.221500 1.221500 1.221500
1916.927246 0.000000 2745.149902 0.000000 0.000000 0.000000 1.000000 1.889435 1.889435 1.889435
1768.009277 0.000000 2990.973145 0.000000 0.000000 0.000000 1.000000 1.038013 1.038013 1.038013
1700.424927 0.000000 3230.165039 0.000000 0.000000 0.000000 1.000000 1.542456 1.542456 1.542456
1936.751831 0.000000 3187.589355 0.000000 0.000000 0.000000 1.000000 0.716504 0.716504 0.716504
2049.457031 0.000000 3017.340576 0.000000 0.000000 0.000000 1.000000 2.235785 2.235785 2.235785
2284.039795 0.000000 2797.953369 0.000000 0.000000 0.000000 1.000000 2.690900 2.690900 2.690900
2508.541260 0.000000 2842.334473 0.000000 0.000000 0.000000 1.000000 3.127435 3.127435 3.127435
2411.770996 0.000000 3085.321289 0.000000 0.000000 0.000000 1.000000 2.224841 2.224841 2.224841
3101.168457 0.000000 2146.268555 0.000000 0.000000 0.000000 1.000000 0.636585 0.636585 0.636585
3478.966553 0.000000 2354.000488 0.000000 0.000000 0.000000 1.000000 0.841418 0.841418 0.841418
3663.508301 0.000000 2417.388428 0.000000 0.000000 0.000000 1.000000 0.361235 0.361235 0.361235
3531.504395 0.000000 2327.090332 0.000000 0.000000 0.000000 1.000000 0.972903 0.972903 0.972903
2649.719482 0.000000 3172.078613 0.000000 0.000000 0.000000 1.000000 1.000000 1.000000 1.000000
2771.259521 0.000000 3240.724365 0.000000 0.000000 0.000000 1.000000 0.611597 0.611597 0.611597
2770.027588 0.000000 2888.235596 0.000000 0.000000 0.000000 1.000000 0.667139 0.667139 0.667139
2882.801514 0.000000 2925.776123 0.000000 0.000000 0.000000 1.000000 0.672772 0.672772 0.672772
2838.908936 0.000000 2781.208984 0.000000 0.000000 0.000000 1.000000 0.545020 0.545020 0.545020
2691.446045 0.000000 2632.965576 0.000000 0.000000 0.000000 1.000000 1.145217 1.145217 1.145217
2585.014404 0.000000 2635.508301 0.000000 0.000000 0.000000 1.000000 0.368042 0.368042 0.368042
2958.103271 0.000000 2650.280762 0.000000 0.000000 0.000000 1.000000 0.644995 0.644995 0.644995
3026.400146 0.000000 2744.138916 0.000000 0.000000 0.000000 1.000000 0.469543 0.469543 0.469543
2867.859863 0.000000 3094.099121 0.000000 0.000000 0.000000 1.000000 0.423084 0.423084 0.423084
2951.395996 0.000000 3043.345703 0.000000 0.000000 0.000000 1.000000 0.329249 0.329249 0.329249
2898.787842 0.000000 3010.819824 0.000000 0.000000 0.000000 1.000000 0.220822 0.220822 0.220822
2965.845459 0.000000 2831.478516 0.000000 0.000000 0.000000 1.000000 0.220822 0.220822 0.220822
2961.338623 0.000000 2797.075928 0.000000 0.000000 0.000000 1.000000 0.220822 0.220822 0.220822
3112.263184 0.000000 2764.144531 0.000000 0.000000 0.000000 1.000000 0.220822 0.220822 0.220822
2894.042725 0.000000 3348.178467 0.000000 0.000000 0.000000 1.000000 0.372290 0.372290 0.372290
3495.812256 0.000000 4570.510254 0.000000 0.000000 0.000000 1.000000 0.973608 0.973608 0.973608
3447.804688 0.853027 4639.758301 0.000000 0.000000 0.000000 1.000000 1.155151 1.155151 1.155151
3090.638672 0.000000 3651.305908 0.000000 0.000000 0.000000 1.000000 0.185437 0.185437 0.185437
3141.556641 0.000000 3679.800537 0.000000 0.000000 0.000000 1.000000 0.218945 0.218945 0.218945
3292.222412 0.000000 3681.394043 0.000000 0.000000 0.000000 1.000000 0.362835 0.362835 0.362835
3261.432861 0.000000 3692.976562 0.000000 0.000000 0.000000 1.000000 0.444038 0.444038 0.444038
3147.795166 0.000000 3488.913574 0.000000 0.000000 0.000000 1.000000 1.631763 1.631763 1.631763
3258.248535 0.000000 3486.208984 0.000000 0.000000 0.000000 1.000000 1.603003 1.603003 1.603003
3100.201172 0.000000 3332.832031 0.000000 0.000000 0.000000 1.000000 1.000000 1.000000 1.000000
3160.236572 0.000000 3298.746582 0.000000 0.000000 0.000000 1.000000 1.000000 1.000000 1.000000
3415.406006 0.000000 3390.834961 0.000000 0.000000 0.000000 1.000000 0.893115 0.893115 0.893115
3479.603027 0.000000 3251.894043 0.000000 0.000000 0.000000 1.000000 0.812964 0.812964 0.812964
3564.875732 0.000000 3202.516846 0.000000 0.000000 0.000000 1.000000 0.696912 0.696912 0.696912
3525.067871 0.000000 3225.371094 0.000000 0.000000 0.000000 1.000000 0.520020 0.520020 0.520020
3509.305420 0.000000 2864.299072 0.000000 0.000000 0.000000 1.000000 1.281580 1.281580 1.281580
3634.980469 0.000000 2931.962891 0.000000 0.000000 0.000000 1.000000 1.886658 1.886658 1.886658
3761.533936 0.000000 2941.030518 0.000000 0.000000 0.000000 1.000000 2.326880 2.326880 2.326880
3920.949463 0.000000 2982.453613 0.000000 0.000000 0.000000 1.000000 1.476953 1.476953 1.476953
4699.713867 0.000000 3444.140137 0.000000 0.000000 0.000000 1.000000 0.649577 0.649577 0.649577
4341.537109 0.000000 3472.887695 0.000000 0.000000 0.000000 1.000000 0.830762 0.830762 0.830762
4388.179688 0.000000 3514.142090 0.000000 0.000000 0.000000 1.000000 0.872400 0.872400 0.872400
4083.016357 0.000000 3520.883301 0.000000 0.000000 0.000000 1.000000 0.587683 0.587683 0.587683
4045.938232 0.000000 3571.313477 0.000000 0.000000 0.000000 1.000000 0.620581 0.620581 0.620581
3907.626221 0.000000 3732.087402 0.000000 0.000000 0.000000 1.000000 0.812427 0.812427 0.812427
3852.546875 0.000000 3730.181641 0.000000 0.000000 0.000000 1.000000 0.457410 0.457410 0.457410
4115.726562 0.000000 4043.173340 0.000000 0.000000 0.000000 1.000000 0.821436 0.821436 0.821436
4029.006104 0.000000 4039.924561 0.000000 0.000000 0.000000 1.000000 1.160376 1.160376 1.160376
3993.381348 0.000000 4111.403809 0.000000 0.000000 0.000000 1.000000 0.693506 0.693506 0.693506
3964.712158 0.000000 4026.853027 0.000000 0.000000 0.000000 1.000000 0.597510 0.597510 0.597510
3864.897461 0.000000 4115.084473 0.000000 0.000000 0.000000 1.000000 0.542085 0.542085 0.542085
3844.205322 0.000000 4197.233398 0.000000 0.000000 0.000000 1.000000 1.081183 1.081183 1.081183
3849.048096 0.000000 4301.359375 0.000000 0.000000 0.000000 1.000000 0.853526 0.853526 0.853526
3867.115723 0.000000 4387.294434 0.000000 0.000000 0.000000 1.000000 0.664233 0.664233 0.664233
4330.413086 0.000000 4227.782715 0.000000 0.000000 0.000000 1.000000 1.000000 1.000000 1.000000
4203.605469 0.000000 4271.001465 0.000000 0.000000 0.000000 1.000000 1.589917 1.589917 1.589917
4206.653320 0.000000 4165.149414 0.000000 0.000000 0.000000 1.000000 0.764697 0.764697 0.764697
4115.803711 0.000000 4297.658691 0.000000 0.000000 0.000000 1.000000 1.163330 1.163330 1.163330
4873.416016 0.000000 4501.270020 0.000000 0.000000 0.000000 1.000000 0.533496 0.533496 0.533496
4843.114258 0.000000 4532.504395 0.000000 0.000000 0.000000 1.000000 0.533496 0.533496 0.533496
4796.285156 0.000000 4538.904297 0.000000 0.000000 0.000000 1.000000 0.533496 0.533496 0.533496
5432.245117 0.000000 4646.104980 0.000000 0.000000 0.000000 1.000000 0.585085 0.585085 0.585085
5473.454102 0.000000 4627.562012 0.000000 0.000000 0.000000 1.000000 0.412891 0.412891 0.412891
5718.226562 0.000000 4388.063965 0.000000 0.000000 0.000000 1.000000 0.834985 0.834985 0.834985
5639.634766 0.000000 4392.431152 0.000000 0.000000 0.000000 1.000000 1.218555 1.218555 1.218555
5535.720703 0.000000 4378.382324 0.000000 0.000000 0.000000 1.000000 0.561401 0.561401 0.561401
5299.751953 0.000000 4225.022949 0.000000 0.000000 0.000000 1.000000 1.197266 1.197266 1.197266
5166.328125 0.000000 4168.204102 0.000000 0.000000 0.000000 1.000000 1.687988 1.687988 1.687988
5026.856445 0.000000 4117.773926 0.000000 0.000000 0.000000 1.000000 1.480249 1.480249 1.480249
4922.480469 0.000000 4068.412109 0.000000 0.000000 0.000000 1.000000 0.734290 0.734290 0.734290
5241.860352 0.000000 3882.214844 0.000000 0.000000 0.000000 1.000000 0.511047 0.511047 0.511047
"}
object={
	name="env_forest_mountains"
	clamp_to_water_level=yes
	render_under_water=no
	generated_content=no
	layer="env_effect_mountains_layer"
	entity="env_mist_sun"
	count=0
}
object={
	name="env_mist_forest"
	clamp_to_water_level=yes
	render_under_water=no
	generated_content=no
	layer="env_effect_layer"
	entity="env_mist_sun"
	count=105
	transform="2141.904541 0.000000 5593.419922 0.000000 0.000000 0.000000 1.000000 1.000000 1.000000 1.000000
2175.935303 0.000000 5627.181641 0.000000 0.000000 0.000000 1.000000 1.000000 1.000000 1.000000
2210.312256 0.000000 5571.537109 0.000000 0.000000 0.000000 1.000000 1.000000 1.000000 1.000000
2250.365479 0.000000 5719.545898 0.000000 0.000000 0.000000 1.000000 1.206787 1.206787 1.206787
2299.317139 0.000000 5743.658203 0.000000 0.000000 0.000000 1.000000 1.000000 1.000000 1.000000
2286.677979 0.000000 5632.269531 0.000000 0.000000 0.000000 1.000000 1.330542 1.330542 1.330542
2339.216553 0.000000 5635.451172 0.000000 0.000000 0.000000 1.000000 1.000000 1.000000 1.000000
2335.560303 0.000000 5592.775391 0.000000 0.000000 0.000000 1.000000 1.000000 1.000000 1.000000
2247.923096 0.000000 5557.468750 0.000000 0.000000 0.000000 1.000000 0.526074 0.526074 0.526074
2446.271729 0.000000 5392.381836 0.000000 0.000000 0.000000 1.000000 1.000000 1.000000 1.000000
2501.880127 0.000000 5375.769531 0.000000 0.000000 0.000000 1.000000 1.584106 1.584106 1.584106
2542.238037 0.000000 5271.432617 0.000000 0.000000 0.000000 1.000000 0.730298 0.730298 0.730298
2554.162842 0.000000 5228.641602 0.000000 0.000000 0.000000 1.000000 1.000000 1.000000 1.000000
2614.983643 0.000000 5596.762695 0.000000 0.000000 0.000000 1.000000 1.000000 1.000000 1.000000
2609.083740 0.000000 5548.966797 0.000000 0.000000 0.000000 1.000000 1.000000 1.000000 1.000000
2618.090576 0.000000 5503.111328 0.000000 0.000000 0.000000 1.000000 1.000000 1.000000 1.000000
2644.945557 0.000000 5525.873047 0.000000 0.000000 0.000000 1.000000 0.657153 0.657153 0.657153
2771.499268 0.000000 5518.381836 0.000000 0.000000 0.000000 1.000000 1.218066 1.218066 1.218066
2725.915771 0.000000 5731.588867 0.000000 0.000000 0.000000 1.000000 1.000000 1.000000 1.000000
2781.964111 0.000000 5700.027344 0.000000 0.000000 0.000000 1.000000 1.000000 1.000000 1.000000
2829.526123 0.000000 5664.150391 0.000000 0.000000 0.000000 1.000000 1.000000 1.000000 1.000000
2858.361084 0.000000 5623.858398 0.000000 0.000000 0.000000 1.000000 1.000000 1.000000 1.000000
2910.867920 0.000000 5543.419922 0.000000 0.000000 0.000000 1.000000 1.000000 1.000000 1.000000
2898.717041 0.000000 5486.956055 0.000000 0.000000 0.000000 1.000000 1.000000 1.000000 1.000000
2931.901611 0.000000 5423.169922 0.000000 0.000000 0.000000 1.000000 1.000000 1.000000 1.000000
2904.794678 0.000000 5359.760742 0.000000 0.000000 0.000000 1.000000 1.136914 1.136914 1.136914
2923.038818 0.000000 5300.611328 0.000000 0.000000 0.000000 1.000000 1.000000 1.000000 1.000000
2977.386963 0.000000 5374.607422 0.000000 0.000000 0.000000 1.000000 1.000000 1.000000 1.000000
3040.369385 0.000000 5337.026367 0.000000 0.000000 0.000000 1.000000 1.000000 1.000000 1.000000
3080.920654 0.000000 5289.348633 0.000000 0.000000 0.000000 1.000000 1.000000 1.000000 1.000000
3187.047119 0.000000 5333.490234 0.000000 0.000000 0.000000 1.000000 1.000000 1.000000 1.000000
3249.865479 0.000000 5344.616211 0.000000 0.000000 0.000000 1.000000 1.000000 1.000000 1.000000
3307.199463 0.000000 5362.395508 0.000000 0.000000 0.000000 1.000000 1.000000 1.000000 1.000000
3288.004639 0.000000 5412.941406 0.000000 0.000000 0.000000 1.000000 1.000000 1.000000 1.000000
3341.086182 0.000000 5451.671875 0.000000 0.000000 0.000000 1.000000 1.000000 1.000000 1.000000
3419.006592 0.000000 5462.496094 0.000000 0.000000 0.000000 1.000000 1.000000 1.000000 1.000000
3481.273193 0.000000 5480.808594 0.000000 0.000000 0.000000 1.000000 1.000000 1.000000 1.000000
3570.969482 0.000000 5476.681641 0.000000 0.000000 0.000000 1.000000 1.000000 1.000000 1.000000
3648.149170 0.000000 5490.601562 0.000000 0.000000 0.000000 1.000000 1.000000 1.000000 1.000000
3861.243408 0.000000 5434.593750 0.000000 0.000000 0.000000 1.000000 1.000000 1.000000 1.000000
3944.322021 0.000000 5487.719727 0.000000 0.000000 0.000000 1.000000 1.000000 1.000000 1.000000
4009.700928 0.000000 5469.512695 0.000000 0.000000 0.000000 1.000000 1.000000 1.000000 1.000000
4017.652100 0.000000 5554.328125 0.000000 0.000000 0.000000 1.000000 1.000000 1.000000 1.000000
4223.808105 0.000000 5478.777344 0.000000 0.000000 0.000000 1.000000 1.797559 1.797559 1.797559
4393.009277 0.000000 5407.912109 0.000000 0.000000 0.000000 1.000000 1.000000 1.000000 1.000000
4469.731934 0.000000 5335.793945 0.000000 0.000000 0.000000 1.000000 1.000000 1.000000 1.000000
4411.204590 0.000000 5208.699219 0.000000 0.000000 0.000000 1.000000 1.000000 1.000000 1.000000
4234.722168 0.000000 5216.668945 0.000000 0.000000 0.000000 1.000000 1.600635 1.600635 1.600635
4832.427246 0.000000 5454.651367 0.000000 0.000000 0.000000 1.000000 1.000000 1.000000 1.000000
4955.615723 0.000000 5498.860352 0.000000 0.000000 0.000000 1.000000 1.000000 1.000000 1.000000
5072.578613 0.000000 5501.773438 0.000000 0.000000 0.000000 1.000000 1.000000 1.000000 1.000000
5818.803223 0.000000 5474.980469 0.000000 0.000000 0.000000 1.000000 1.000000 1.000000 1.000000
6103.505371 0.000000 5701.522461 0.000000 0.000000 0.000000 1.000000 1.000000 1.000000 1.000000
6141.546387 0.000000 3123.881836 0.000000 0.000000 0.000000 1.000000 1.000000 1.000000 1.000000
6094.181152 0.000000 3221.339600 0.000000 0.000000 0.000000 1.000000 1.000000 1.000000 1.000000
6073.864746 0.000000 3314.175049 0.000000 0.000000 0.000000 1.000000 1.000000 1.000000 1.000000
6065.587402 0.000000 3394.476807 0.000000 0.000000 0.000000 1.000000 1.000000 1.000000 1.000000
6025.711426 0.000000 3479.979004 0.000000 0.000000 0.000000 1.000000 1.000000 1.000000 1.000000
6074.969238 0.000000 3535.704834 0.000000 0.000000 0.000000 1.000000 3.063232 3.063232 3.063232
5965.354004 0.000000 3481.576660 0.000000 0.000000 0.000000 1.000000 1.000000 1.000000 1.000000
5842.654785 0.000000 3365.971680 0.000000 0.000000 0.000000 1.000000 0.593762 0.593762 0.593762
5851.969238 0.000000 3308.070312 0.000000 0.000000 0.000000 1.000000 0.732153 0.732153 0.732153
5876.233887 0.000000 3254.034668 0.000000 0.000000 0.000000 1.000000 0.514282 0.514282 0.514282
5247.570801 0.000000 3056.854004 0.000000 0.000000 0.000000 1.000000 1.316821 1.316821 1.316821
5359.938965 0.000000 3038.428223 0.000000 0.000000 0.000000 1.000000 0.407538 0.407538 0.407538
5345.376465 0.000000 2994.220703 0.000000 0.000000 0.000000 1.000000 0.457458 0.457458 0.457458
2899.486572 0.000000 2171.476562 0.000000 0.000000 0.000000 1.000000 4.067575 4.067575 4.067575
2701.482178 0.000000 2168.417969 0.000000 0.000000 0.000000 1.000000 4.067575 4.067575 4.067575
2511.260986 0.000000 2178.805908 0.000000 0.000000 0.000000 1.000000 4.067575 4.067575 4.067575
2327.160889 0.000000 2187.116699 0.000000 0.000000 0.000000 1.000000 2.603565 2.603565 2.603565
2155.188232 0.000000 2192.800781 0.000000 0.000000 0.000000 1.000000 2.603565 2.603565 2.603565
2018.349121 0.000000 2204.062256 0.000000 0.000000 0.000000 1.000000 2.603565 2.603565 2.603565
1877.945801 0.000000 2235.059326 0.000000 0.000000 0.000000 1.000000 2.603565 2.603565 2.603565
1769.733887 0.000000 2151.517090 0.000000 0.000000 0.000000 1.000000 2.603565 2.603565 2.603565
1493.389893 0.000000 2114.925781 0.000000 0.000000 0.000000 1.000000 0.788075 0.788075 0.788075
856.989807 0.000000 2653.448242 0.000000 0.000000 0.000000 1.000000 0.274979 0.274979 0.274979
842.453613 0.000000 2620.412598 0.000000 0.000000 0.000000 1.000000 0.443714 0.443714 0.443714
5844.674316 0.000000 4556.325195 0.000000 0.000000 0.000000 1.000000 2.872632 2.872632 2.872632
5952.578613 0.000000 4619.799805 0.000000 0.000000 0.000000 1.000000 2.918067 2.918067 2.918067
6094.668457 0.000000 4609.924805 0.000000 0.000000 0.000000 1.000000 3.948779 3.948779 3.948779
6261.576660 0.000000 4749.053711 0.000000 0.000000 0.000000 1.000000 6.633838 6.633838 6.633838
6496.187012 0.000000 4345.510742 0.000000 0.000000 0.000000 1.000000 4.178710 4.178710 4.178710
6328.218262 0.000000 5199.702148 0.000000 0.000000 0.000000 1.000000 1.534155 1.534155 1.534155
6326.703613 0.000000 5292.658203 0.000000 0.000000 0.000000 1.000000 1.615185 1.615185 1.615185
4682.574707 0.000000 4656.031250 0.000000 0.000000 0.000000 1.000000 1.166650 1.166650 1.166650
4900.067871 0.000000 4968.485352 0.000000 0.000000 0.000000 1.000000 1.000000 1.000000 1.000000
4795.739746 0.000000 4873.079102 0.000000 0.000000 0.000000 1.000000 1.459229 1.459229 1.459229
4717.306152 0.000000 4898.972656 0.000000 0.000000 0.000000 1.000000 1.464526 1.464526 1.464526
4660.109863 0.000000 4922.224609 0.000000 0.000000 0.000000 1.000000 1.396167 1.396167 1.396167
4603.319824 0.000000 4955.521484 0.000000 0.000000 0.000000 1.000000 1.370239 1.370239 1.370239
4452.730957 0.000000 5050.884766 0.000000 0.000000 0.000000 1.000000 1.897241 1.897241 1.897241
4316.142090 0.000000 4997.490234 0.000000 0.000000 0.000000 1.000000 1.242920 1.242920 1.242920
4215.512207 0.000000 5041.150391 0.000000 0.000000 0.000000 1.000000 1.346289 1.346289 1.346289
4234.496582 0.000000 5084.347656 0.000000 0.000000 0.000000 1.000000 1.060840 1.060840 1.060840
4208.540527 0.000000 4835.981445 0.000000 0.000000 0.000000 1.000000 1.728418 1.728418 1.728418
4130.769043 0.000000 4837.966797 0.000000 0.000000 0.000000 1.000000 1.416357 1.416357 1.416357
4061.056396 0.000000 4820.097656 0.000000 0.000000 0.000000 1.000000 1.374268 1.374268 1.374268
3896.931396 0.000000 4739.265625 0.000000 0.000000 0.000000 1.000000 1.335938 1.335938 1.335938
3790.637451 0.000000 4737.046875 0.000000 0.000000 0.000000 1.000000 1.157056 1.157056 1.157056
3695.749756 0.000000 4749.281250 0.000000 0.000000 0.000000 1.000000 1.000000 1.000000 1.000000
3620.836182 0.000000 4740.581055 0.000000 0.000000 0.000000 1.000000 1.000000 1.000000 1.000000
3314.673584 0.000000 4403.264648 0.000000 0.000000 0.000000 1.000000 1.921509 1.921509 1.921509
3206.871826 0.000000 4417.984375 0.000000 0.000000 0.000000 1.000000 2.267358 2.267358 2.267358
4591.756348 0.000000 5223.815430 0.000000 0.000000 0.000000 1.000000 1.346802 1.346802 1.346802
4664.560059 0.000000 5212.066406 0.000000 0.000000 0.000000 1.000000 1.084546 1.084546 1.084546
"}
object={
	name="env_snow_mountains"
	clamp_to_water_level=yes
	render_under_water=no
	generated_content=no
	layer="env_effect_mountains_layer"
	entity="env_snow_mountains"
	count=287
	transform="427.308258 1.298828 5929.399902 0.000000 0.000000 0.000000 1.000000 1.000000 1.000000 1.000000
392.002350 0.000000 5907.057129 0.000000 0.000000 0.000000 1.000000 1.000000 1.000000 1.000000
348.751770 5.117920 5924.153320 0.000000 0.000000 0.000000 1.000000 1.000000 1.000000 1.000000
1467.631348 0.000000 5395.595215 0.000000 0.000000 0.000000 1.000000 1.000000 1.000000 1.000000
1464.682129 0.000000 5444.807129 0.000000 0.000000 0.000000 1.000000 1.000000 1.000000 1.000000
1498.587646 0.579102 5478.675293 0.000000 0.000000 0.000000 1.000000 1.000000 1.000000 1.000000
1536.540405 0.000000 5517.740234 0.000000 0.000000 0.000000 1.000000 1.000000 1.000000 1.000000
1506.658325 0.000000 5559.548340 0.000000 0.000000 0.000000 1.000000 1.000000 1.000000 1.000000
1425.605713 -2.034424 5499.190918 0.000000 0.000000 0.000000 1.000000 0.549879 0.549879 0.549879
1662.093628 0.000000 5565.483887 0.000000 0.000000 0.000000 1.000000 1.000000 1.000000 1.000000
1674.832886 0.000000 5530.888184 0.000000 0.000000 0.000000 1.000000 0.716406 0.716406 0.716406
1705.612793 1.303711 5556.488770 0.000000 0.000000 0.000000 1.000000 0.640674 0.640674 0.640674
1671.150879 0.000000 5627.404785 0.000000 0.000000 0.000000 1.000000 0.420435 0.420435 0.420435
1578.340454 0.000000 5615.989258 0.000000 0.000000 0.000000 1.000000 0.445281 0.445281 0.445281
1611.850952 0.000000 5559.354980 0.000000 0.000000 0.000000 1.000000 0.561987 0.561987 0.561987
1540.412720 0.000000 5599.558594 0.000000 0.000000 0.000000 1.000000 0.553491 0.553491 0.553491
1740.103394 0.000000 5725.256348 0.000000 0.000000 0.000000 1.000000 1.000000 1.000000 1.000000
1746.996582 0.000000 5780.634277 0.000000 0.000000 0.000000 1.000000 1.303711 1.303711 1.303711
1812.264282 0.000000 5814.468262 0.000000 0.000000 0.000000 1.000000 0.713184 0.713184 0.713184
1824.265625 0.000000 5871.335449 0.000000 0.000000 0.000000 1.000000 1.000000 1.000000 1.000000
1856.921631 0.000000 5864.915527 0.000000 0.000000 0.000000 1.000000 0.755225 0.755225 0.755225
1896.782471 0.000000 5920.393066 0.000000 0.000000 0.000000 1.000000 1.000000 1.000000 1.000000
1919.420776 0.000000 5964.252930 0.000000 0.000000 0.000000 1.000000 1.000000 1.000000 1.000000
1937.948364 0.758789 5994.692871 0.000000 0.000000 0.000000 1.000000 0.688883 0.688883 0.688883
2114.526367 0.000000 6052.531738 0.000000 0.000000 0.000000 1.000000 0.589235 0.589235 0.589235
2075.344971 1.435303 6056.084961 0.000000 0.000000 0.000000 1.000000 0.461432 0.461432 0.461432
2243.242676 0.000000 5973.303223 0.000000 0.000000 0.000000 1.000000 0.415137 0.415137 0.415137
2273.228516 0.000000 5955.624512 0.000000 0.000000 0.000000 1.000000 0.387738 0.387738 0.387738
1416.181763 0.000000 4760.018066 0.000000 0.000000 0.000000 1.000000 0.652586 0.652586 0.652586
1392.477783 1.646484 4740.507324 0.000000 0.000000 0.000000 1.000000 0.423999 0.423999 0.423999
1347.377686 1.218994 4663.255371 0.000000 0.000000 0.000000 1.000000 0.408545 0.408545 0.408545
1348.304321 0.000000 4575.917480 0.000000 0.000000 0.000000 1.000000 0.463647 0.463647 0.463647
1321.558228 2.181396 4527.192871 0.000000 0.000000 0.000000 1.000000 0.650464 0.650464 0.650464
1404.953369 0.832275 4561.579102 0.000000 0.000000 0.000000 1.000000 0.478882 0.478882 0.478882
1392.320801 0.000000 4511.115723 0.000000 0.000000 0.000000 1.000000 0.425046 0.425046 0.425046
1343.490845 0.686768 4470.875977 0.000000 0.000000 0.000000 1.000000 0.658350 0.658350 0.658350
1297.387207 0.000000 4423.366211 0.000000 0.000000 0.000000 1.000000 0.448878 0.448878 0.448878
1793.121948 -0.680908 4483.932129 0.000000 0.000000 0.000000 1.000000 0.366919 0.366919 0.366919
1615.286987 -0.935791 4444.750488 0.000000 0.000000 0.000000 1.000000 0.394219 0.394219 0.394219
1681.619385 -0.375244 4451.722168 0.000000 0.000000 0.000000 1.000000 0.394219 0.394219 0.394219
1781.304443 -0.744873 4394.183105 0.000000 0.000000 0.000000 1.000000 0.394219 0.394219 0.394219
1799.788208 -0.744873 4390.583496 0.000000 0.000000 0.000000 1.000000 0.394219 0.394219 0.394219
1692.133301 0.000000 4390.722168 0.000000 0.000000 0.000000 1.000000 0.823218 0.823218 0.823218
1616.228516 0.358643 4386.794434 0.000000 0.000000 0.000000 1.000000 1.000000 1.000000 1.000000
1661.715210 0.000000 4391.632324 0.000000 0.000000 0.000000 1.000000 0.708361 0.708361 0.708361
1522.009277 3.621582 4401.159668 0.000000 0.000000 0.000000 1.000000 1.000000 1.000000 1.000000
1491.317993 0.000000 4377.704590 0.000000 0.000000 0.000000 1.000000 0.639355 0.639355 0.639355
1706.692871 -1.615356 4089.567871 0.000000 0.000000 0.000000 1.000000 0.570837 0.570837 0.570837
1748.785767 -1.685913 4038.162842 0.000000 0.000000 0.000000 1.000000 0.340351 0.340351 0.340351
1825.865601 0.000000 3956.400146 0.000000 0.000000 0.000000 1.000000 0.343614 0.343614 0.343614
1554.320190 2.139160 4214.372559 0.000000 -0.297840 0.000000 0.954616 0.375609 0.375609 0.375609
1448.051880 -0.790771 4253.701660 0.000000 -0.292183 0.000000 0.956362 0.256374 0.256374 0.256374
1478.975098 -0.790771 4248.029785 0.000000 -0.292183 0.000000 0.956362 0.453806 0.453806 0.453806
1414.812622 1.370850 4390.728027 0.000000 0.000000 0.000000 1.000000 1.000000 1.000000 1.000000
1378.547852 0.000000 4371.006348 0.000000 0.000000 0.000000 1.000000 0.676709 0.676709 0.676709
1350.135986 -0.169434 4316.864258 0.000000 0.000000 0.000000 1.000000 0.387598 0.387598 0.387598
1337.856323 0.087402 4342.430176 0.000000 0.000000 0.000000 1.000000 0.387598 0.387598 0.387598
1333.587402 -0.643311 4374.617676 0.000000 0.000000 0.000000 1.000000 0.387598 0.387598 0.387598
1328.406006 2.065674 4261.429688 0.000000 0.000000 0.000000 1.000000 0.609570 0.609570 0.609570
1353.807007 0.000000 4224.334961 0.000000 0.000000 0.000000 1.000000 0.529541 0.529541 0.529541
1900.012329 0.948975 4184.344238 0.000000 -0.236611 0.000000 0.971604 0.284659 0.284659 0.284659
1891.633911 0.948975 4195.005371 0.000000 -0.101221 0.000000 0.994864 0.316528 0.316528 0.316528
1535.671143 0.000000 4818.455566 0.000000 0.000000 0.000000 1.000000 0.292334 0.292334 0.292334
1504.932373 0.915527 4722.051270 0.000000 0.000000 0.000000 1.000000 0.249822 0.249822 0.249822
1654.562744 -0.220703 4716.440918 0.000000 -0.228731 0.000000 0.973490 0.182014 0.182014 0.182014
1668.578735 0.603271 4720.264160 0.000000 -0.228731 0.000000 0.973490 0.210191 0.210191 0.210191
1707.256226 -0.231201 4736.513184 0.000000 -0.228731 0.000000 0.973490 0.182014 0.182014 0.182014
1720.380249 -0.231201 4737.727051 0.000000 -0.228731 0.000000 0.973490 0.182014 0.182014 0.182014
1819.797974 1.618652 4725.797363 0.000000 -0.228731 0.000000 0.973490 0.265508 0.265508 0.265508
2085.901855 0.101562 4574.432129 0.000000 -0.525328 0.000000 0.850900 0.265508 0.265508 0.265508
2068.921875 0.101562 4586.122559 0.000000 -0.525328 0.000000 0.850900 0.265508 0.265508 0.265508
2041.031372 0.101562 4585.369629 0.000000 -0.525328 0.000000 0.850900 0.265508 0.265508 0.265508
2006.691284 -0.338623 4581.337891 0.000000 -0.525328 0.000000 0.850900 0.265508 0.265508 0.265508
2047.074219 -0.338623 4609.825684 0.000000 -0.525328 0.000000 0.850900 0.265508 0.265508 0.265508
2023.181885 0.454345 4606.521484 0.000000 -0.525328 0.000000 0.850900 0.265508 0.265508 0.265508
2007.811646 0.727539 4629.488770 0.000000 -0.525328 0.000000 0.850900 0.265508 0.265508 0.265508
1973.776733 -0.405030 4593.206543 0.000000 -0.525328 0.000000 0.850900 0.265508 0.265508 0.265508
1962.999390 -0.405030 4617.457520 0.000000 -0.525328 0.000000 0.850900 0.265508 0.265508 0.265508
1927.755005 -0.405030 4582.600098 0.000000 -0.228731 0.000000 0.973490 0.265508 0.265508 0.265508
1913.008911 0.432861 4685.615723 0.000000 -0.228731 0.000000 0.973490 0.265508 0.265508 0.265508
1884.664917 1.353271 4691.580566 0.000000 -0.228731 0.000000 0.973490 0.265508 0.265508 0.265508
1836.372803 2.047607 4650.689453 0.000000 -0.228731 0.000000 0.973490 0.265508 0.265508 0.265508
1791.602783 -0.104248 4615.818848 0.000000 -0.228731 0.000000 0.973490 0.265508 0.265508 0.265508
1764.551147 0.350342 4559.584473 0.000000 -0.228731 0.000000 0.973490 0.265508 0.265508 0.265508
1716.687256 1.057129 4580.040039 0.000000 -0.228731 0.000000 0.973490 0.265508 0.265508 0.265508
1699.643311 1.057129 4589.062500 0.000000 -0.228731 0.000000 0.973490 0.265508 0.265508 0.265508
1648.809082 1.057129 4634.404785 0.000000 -0.228731 0.000000 0.973490 0.328506 0.328506 0.328506
1620.411987 1.057129 4678.192871 0.000000 -0.228731 0.000000 0.973490 0.328506 0.328506 0.328506
1568.260010 1.057129 4707.540527 0.000000 0.000000 0.000000 1.000000 0.328506 0.328506 0.328506
1066.115723 0.973878 4120.550293 0.000000 0.000000 0.000000 1.000000 0.476186 0.476186 0.476186
1012.062866 0.550049 4134.063965 0.000000 0.000000 0.000000 1.000000 0.459188 0.459188 0.459188
948.035522 -0.761963 4159.139648 0.000000 0.000000 0.000000 1.000000 0.623917 0.623917 0.623917
913.169617 -1.760742 4166.438477 0.000000 0.000000 0.000000 1.000000 0.485645 0.485645 0.485645
881.771667 0.000000 4173.072754 0.000000 0.000000 0.000000 1.000000 0.391145 0.391145 0.391145
757.885742 0.000000 4033.372803 0.000000 0.000000 0.000000 1.000000 0.376125 0.376125 0.376125
811.488892 0.000000 4099.545410 0.000000 0.000000 0.000000 1.000000 0.376125 0.376125 0.376125
658.963257 0.000000 3983.526611 0.000000 0.000000 0.000000 1.000000 0.576605 0.576605 0.576605
692.583862 0.000000 3995.072266 0.000000 0.000000 0.000000 1.000000 0.576605 0.576605 0.576605
723.375793 0.000000 4017.378662 0.000000 0.000000 0.000000 1.000000 0.576605 0.576605 0.576605
587.432373 0.000000 3990.729492 0.000000 0.000000 0.000000 1.000000 0.567292 0.567292 0.567292
530.939514 0.000000 3987.387695 0.000000 0.000000 0.000000 1.000000 0.443091 0.443091 0.443091
625.769714 0.000000 4186.537109 0.000000 0.000000 0.000000 1.000000 0.340548 0.340548 0.340548
582.530396 -1.607666 4165.971191 0.000000 0.000000 0.000000 1.000000 0.368213 0.368213 0.368213
601.122192 -0.268555 4187.127441 0.000000 0.000000 0.000000 1.000000 0.362500 0.362500 0.362500
2221.619385 -0.939575 3843.620117 0.000000 -0.381951 0.000000 0.924182 0.287561 0.287561 0.287561
2209.226318 -0.939575 3858.278320 0.000000 -0.381951 0.000000 0.924182 0.287561 0.287561 0.287561
2129.418701 -0.939575 3917.451660 0.000000 -0.381951 0.000000 0.924182 0.287561 0.287561 0.287561
2111.585938 -0.939575 3909.011475 0.000000 0.031001 0.000000 0.999519 0.287561 0.287561 0.287561
2100.366211 -0.939575 3924.618652 0.000000 0.031001 0.000000 0.999519 0.287561 0.287561 0.287561
2319.639648 -0.022705 4052.812988 0.000000 0.122101 0.000000 0.992518 0.287561 0.287561 0.287561
2349.281982 -0.956421 4027.846191 0.000000 0.230365 0.000000 0.973104 0.287561 0.287561 0.287561
2230.596924 -0.956421 4001.794678 0.000000 0.230365 0.000000 0.973104 0.287561 0.287561 0.287561
2208.831787 -0.380371 3985.479492 0.000000 0.000000 0.000000 1.000000 0.287561 0.287561 0.287561
2149.955322 -0.380371 4063.267090 0.000000 0.000000 0.000000 1.000000 0.287561 0.287561 0.287561
2140.666992 -1.619019 4045.198242 0.000000 0.000000 0.000000 1.000000 0.287561 0.287561 0.287561
2092.573730 -1.619019 4087.236328 0.000000 0.000000 0.000000 1.000000 0.287561 0.287561 0.287561
2394.170166 -0.981445 4121.118652 0.000000 -0.478434 0.000000 0.878123 0.293530 0.293530 0.293530
2361.908691 -0.981445 4123.248047 0.000000 -0.478434 0.000000 0.878123 0.293530 0.293530 0.293530
2338.314941 -0.981445 4123.397949 0.000000 -0.478434 0.000000 0.878123 0.293530 0.293530 0.293530
2221.776855 0.416260 4297.188965 0.000000 0.000000 0.000000 1.000000 0.491748 0.491748 0.491748
2420.020264 0.000000 4342.220215 0.000000 0.000000 0.000000 1.000000 0.373841 0.373841 0.373841
2331.921631 0.000000 4327.545410 0.000000 0.000000 0.000000 1.000000 0.413428 0.413428 0.413428
2277.084229 0.000000 4323.207520 0.000000 0.000000 0.000000 1.000000 0.413428 0.413428 0.413428
2214.755615 -0.804932 4393.559570 0.000000 -0.253520 0.000000 0.967330 0.312969 0.312969 0.312969
2216.178223 -0.804932 4412.503418 0.000000 -0.253520 0.000000 0.967330 0.312969 0.312969 0.312969
2208.406006 -1.614258 4436.023926 0.000000 -0.253520 0.000000 0.967330 0.312969 0.312969 0.312969
2225.690186 -0.479492 4559.767090 0.000000 -0.468893 0.000000 0.883255 0.314180 0.314180 0.314180
2180.498535 -0.382813 4602.923828 0.000000 -0.583240 0.000000 0.812300 0.418444 0.418444 0.418444
2226.176758 -0.763184 4588.274902 0.000000 -0.253520 0.000000 0.967330 0.418444 0.418444 0.418444
2274.628418 -1.370605 4549.907715 0.000000 -0.253520 0.000000 0.967330 0.418444 0.418444 0.418444
2287.298828 -0.108887 4530.681152 0.000000 -0.253520 0.000000 0.967330 0.312969 0.312969 0.312969
2310.083252 -1.401123 4508.236816 0.000000 -0.253520 0.000000 0.967330 0.312969 0.312969 0.312969
2267.577881 -1.547607 4485.777832 0.000000 -0.253520 0.000000 0.967330 0.312969 0.312969 0.312969
2358.687256 0.000000 4452.061035 0.000000 -0.253520 0.000000 0.967330 0.312969 0.312969 0.312969
2394.648193 0.000000 4412.554199 0.000000 0.000000 0.000000 1.000000 0.312969 0.312969 0.312969
2401.276367 0.000000 4388.944824 0.000000 0.000000 0.000000 1.000000 0.312969 0.312969 0.312969
2758.478271 -0.244873 3763.547363 0.000000 -0.170850 0.000000 0.985297 0.198864 0.198864 0.198864
3047.901611 -0.812500 3834.210205 0.000000 -0.256884 0.000000 0.966442 0.242041 0.242041 0.242041
3068.193848 -1.679932 3840.851318 0.000000 -0.256884 0.000000 0.966442 0.242041 0.242041 0.242041
2945.976807 0.625366 3859.717773 0.000000 -0.256884 0.000000 0.966442 0.242041 0.242041 0.242041
2930.077637 0.099976 3809.286133 0.000000 -0.256884 0.000000 0.966442 0.242041 0.242041 0.242041
2889.288818 -0.625366 3769.628906 0.000000 -0.256884 0.000000 0.966442 0.242041 0.242041 0.242041
2873.902832 0.000000 3753.010742 0.000000 -0.256884 0.000000 0.966442 0.242041 0.242041 0.242041
2784.874268 0.000000 3739.252686 0.000000 -0.256884 0.000000 0.966442 0.288723 0.288723 0.288723
3383.106689 3.609131 3956.340820 0.000000 0.000000 0.000000 1.000000 0.646680 0.646680 0.646680
3424.882812 0.000000 4007.398926 0.000000 0.000000 0.000000 1.000000 0.261108 0.261108 0.261108
3339.624268 0.000000 4036.532227 0.000000 0.000000 0.000000 1.000000 0.198980 0.198980 0.198980
3350.797363 0.000000 3987.944092 0.000000 0.000000 0.000000 1.000000 0.198980 0.198980 0.198980
3629.530762 0.000000 3839.293457 0.000000 0.000000 0.000000 1.000000 0.217908 0.217908 0.217908
3519.263428 0.000000 4104.074707 0.000000 0.000000 0.000000 1.000000 0.305160 0.305160 0.305160
3151.710449 -0.298828 4239.296387 0.000000 0.000000 0.000000 1.000000 0.363397 0.363397 0.363397
3182.558838 -2.193115 4229.834473 0.000000 0.000000 0.000000 1.000000 0.363397 0.363397 0.363397
3216.270264 0.128174 4221.660645 0.000000 0.000000 0.000000 1.000000 0.363397 0.363397 0.363397
3254.170166 0.128174 4222.006348 0.000000 0.000000 0.000000 1.000000 0.363397 0.363397 0.363397
3279.479004 -1.049072 4209.632324 0.000000 0.000000 0.000000 1.000000 0.363397 0.363397 0.363397
3342.643799 0.000000 4184.413086 0.000000 0.000000 0.000000 1.000000 0.456811 0.456811 0.456811
3383.643311 0.000000 4180.479980 0.000000 0.000000 0.000000 1.000000 0.456811 0.456811 0.456811
3419.440918 0.000000 4165.495605 0.000000 0.000000 0.000000 1.000000 0.456811 0.456811 0.456811
3461.208008 0.000000 4145.641113 0.000000 0.000000 0.000000 1.000000 0.456811 0.456811 0.456811
3488.787354 0.000000 4123.595215 0.000000 0.000000 0.000000 1.000000 0.456811 0.456811 0.456811
3918.836914 0.690674 4953.659668 0.000000 0.000000 0.000000 1.000000 1.000000 1.000000 1.000000
3965.821289 0.000000 4980.432129 0.000000 0.000000 0.000000 1.000000 0.815552 0.815552 0.815552
3988.436279 0.000000 4915.755371 0.000000 0.000000 0.000000 1.000000 0.588525 0.588525 0.588525
4036.822266 0.000000 5023.058105 0.000000 0.000000 0.000000 1.000000 0.405396 0.405396 0.405396
3995.982178 1.763672 5004.525879 0.000000 0.000000 0.000000 1.000000 0.510840 0.510840 0.510840
3805.385498 0.000000 5343.551270 0.000000 0.000000 0.000000 1.000000 1.000000 1.000000 1.000000
3777.105225 0.000000 5397.448730 0.000000 0.000000 0.000000 1.000000 1.000000 1.000000 1.000000
3773.742432 0.000000 5458.141602 0.000000 0.000000 0.000000 1.000000 1.000000 1.000000 1.000000
3739.921387 0.000000 5531.448730 0.000000 0.000000 0.000000 1.000000 1.000000 1.000000 1.000000
6234.165039 0.000000 3640.050781 0.000000 0.000000 0.000000 1.000000 1.000000 1.000000 1.000000
6286.382812 0.000000 3725.080811 0.000000 0.000000 0.000000 1.000000 1.000000 1.000000 1.000000
6295.416992 0.000000 3807.542725 0.000000 0.000000 0.000000 1.000000 1.000000 1.000000 1.000000
6346.583008 0.000000 3863.824707 0.000000 0.000000 0.000000 1.000000 1.000000 1.000000 1.000000
6333.321289 0.000000 3938.044189 0.000000 0.000000 0.000000 1.000000 1.000000 1.000000 1.000000
6335.745117 0.000000 4043.202637 0.000000 0.000000 0.000000 1.000000 1.000000 1.000000 1.000000
6280.123047 0.000000 4106.240723 0.000000 0.000000 0.000000 1.000000 1.000000 1.000000 1.000000
6349.797852 0.000000 4138.146973 0.000000 0.000000 0.000000 1.000000 1.000000 1.000000 1.000000
6350.877930 0.000000 4203.515137 0.000000 0.000000 0.000000 1.000000 1.000000 1.000000 1.000000
6307.701172 0.000000 5025.613281 0.000000 0.000000 0.000000 1.000000 1.000000 1.000000 1.000000
6319.423828 0.000000 5111.691895 0.000000 0.000000 0.000000 1.000000 1.000000 1.000000 1.000000
6248.732422 0.000000 5480.186035 0.000000 0.000000 0.000000 1.000000 1.000000 1.000000 1.000000
6293.512695 0.000000 5534.398438 0.000000 0.000000 0.000000 1.000000 1.000000 1.000000 1.000000
3024.934082 0.000000 2549.433838 0.000000 0.000000 0.000000 1.000000 0.479129 0.479129 0.479129
3097.812256 -0.888306 2584.224609 0.000000 0.000000 0.000000 1.000000 0.194275 0.194275 0.194275
3143.439697 -1.944580 2576.864014 0.000000 0.000000 0.000000 1.000000 0.379077 0.379077 0.379077
3183.728027 0.000000 2601.482910 0.000000 0.000000 0.000000 1.000000 0.134344 0.134344 0.134344
3228.379395 0.000000 2563.643555 0.000000 0.000000 0.000000 1.000000 0.254348 0.254348 0.254348
3202.668701 0.000000 2560.774658 0.000000 0.000000 0.000000 1.000000 0.204697 0.204697 0.204697
3199.956055 0.476410 2507.961426 0.000000 0.000000 0.000000 1.000000 0.364505 0.364505 0.364505
3124.427246 0.000000 2457.496826 0.000000 0.000000 0.000000 1.000000 0.220538 0.220538 0.220538
3215.577881 0.236908 2442.185791 0.000000 0.000000 0.000000 1.000000 0.361856 0.361856 0.361856
3218.627441 0.000000 2293.693848 0.000000 0.000000 0.000000 1.000000 0.565498 0.565498 0.565498
3275.475098 0.000000 2387.341064 0.000000 0.000000 0.000000 1.000000 0.238678 0.238678 0.238678
3232.846924 -0.346191 2359.069092 0.000000 0.000000 0.000000 1.000000 0.264175 0.264175 0.264175
615.187866 -0.927567 2268.126953 0.000000 0.000000 0.000000 1.000000 0.394339 0.394339 0.394339
5211.133789 0.000000 5270.373047 0.000000 0.000000 0.000000 1.000000 0.670166 0.670166 0.670166
5227.075195 0.000000 5325.397949 0.000000 0.000000 0.000000 1.000000 0.670166 0.670166 0.670166
5191.382812 0.000000 5161.015137 0.000000 0.000000 0.000000 1.000000 0.673169 0.673169 0.673169
5217.457031 0.000000 5080.389160 0.000000 0.000000 0.000000 1.000000 0.607861 0.607861 0.607861
5200.596680 0.000000 5002.372070 0.000000 0.000000 0.000000 1.000000 1.000000 1.000000 1.000000
5251.723633 0.000000 4952.670898 0.000000 0.000000 0.000000 1.000000 1.000000 1.000000 1.000000
5316.766602 0.000000 4919.148926 0.000000 0.000000 0.000000 1.000000 0.498779 0.498779 0.498779
5358.284180 0.000000 4893.766113 0.000000 0.000000 0.000000 1.000000 0.364624 0.364624 0.364624
5748.425781 0.000000 5126.269043 0.000000 0.000000 0.000000 1.000000 0.328975 0.328975 0.328975
5777.574219 0.000000 5113.957031 0.000000 0.000000 0.000000 1.000000 0.322314 0.322314 0.322314
5750.155273 2.251221 5058.164551 0.000000 0.000000 0.000000 1.000000 0.535059 0.535059 0.535059
5676.751953 -1.574707 4993.215332 0.000000 0.000000 0.000000 1.000000 0.455573 0.455573 0.455573
5706.883789 0.000000 4976.814453 0.000000 0.000000 0.000000 1.000000 0.254776 0.254776 0.254776
6021.080078 0.000000 4228.330078 0.000000 0.000000 0.000000 1.000000 0.409692 0.409692 0.409692
5922.468750 0.000000 4267.472168 0.000000 0.000000 0.000000 1.000000 0.492432 0.492432 0.492432
6182.114258 0.000000 4199.962402 0.000000 0.000000 0.000000 1.000000 0.214453 0.214453 0.214453
6138.565430 0.000000 4212.711426 0.000000 0.000000 0.000000 1.000000 0.214453 0.214453 0.214453
5966.307617 0.000000 4274.634277 0.000000 0.000000 0.000000 1.000000 0.214453 0.214453 0.214453
5999.520508 0.000000 4267.479980 0.000000 0.000000 0.000000 1.000000 0.214453 0.214453 0.214453
5814.497070 0.000000 4836.699707 0.000000 0.000000 0.000000 1.000000 1.000000 1.000000 1.000000
5877.832031 0.000000 4850.249512 0.000000 0.000000 0.000000 1.000000 0.816870 0.816870 0.816870
5948.944336 0.000000 4832.341309 0.000000 0.000000 0.000000 1.000000 0.671216 0.671216 0.671216
5136.313477 0.000000 4926.908691 0.000000 0.000000 0.000000 1.000000 0.673486 0.673486 0.673486
5182.262695 0.000000 4889.645020 0.000000 0.000000 0.000000 1.000000 0.611768 0.611768 0.611768
5274.417969 -0.501221 4856.016113 0.000000 0.000000 0.000000 1.000000 0.522168 0.522168 0.522168
5330.147461 -0.460205 4836.764648 0.000000 0.000000 0.000000 1.000000 0.442895 0.442895 0.442895
5387.861328 -1.241699 4827.379883 0.000000 0.000000 0.000000 1.000000 0.629028 0.629028 0.629028
5488.786133 0.000000 4765.604980 0.000000 0.000000 0.000000 1.000000 0.756421 0.756421 0.756421
5543.942383 0.000000 4750.182617 0.000000 0.000000 0.000000 1.000000 1.000000 1.000000 1.000000
5612.167969 0.000000 4729.810547 0.000000 0.000000 0.000000 1.000000 1.000000 1.000000 1.000000
5442.708008 0.288818 4418.023438 0.000000 -0.243558 0.000000 0.969886 0.343945 0.343945 0.343945
5447.449219 0.288818 4519.699219 0.000000 0.000000 0.000000 1.000000 0.343945 0.343945 0.343945
5522.903320 -1.208740 4526.484863 0.000000 0.000000 0.000000 1.000000 0.343945 0.343945 0.343945
5706.678711 -1.641113 4546.386719 0.000000 0.000000 0.000000 1.000000 0.343945 0.343945 0.343945
5674.979492 -1.641113 4577.375488 0.000000 0.000000 0.000000 1.000000 0.343945 0.343945 0.343945
5716.985352 -1.641113 4661.024902 0.000000 0.000000 0.000000 1.000000 0.343945 0.343945 0.343945
5811.529297 0.000000 4711.453125 0.000000 0.000000 0.000000 1.000000 0.343945 0.343945 0.343945
5764.148438 0.000000 4725.893066 0.000000 0.000000 0.000000 1.000000 0.343945 0.343945 0.343945
5241.077148 0.000000 4695.346191 0.000000 -0.237456 0.000000 0.971398 0.470239 0.470239 0.470239
5258.034180 -1.073730 4484.174805 0.000000 -0.271512 0.000000 0.962435 0.408945 0.408945 0.408945
5187.813477 -2.135010 4489.610840 0.000000 -0.271512 0.000000 0.962435 0.408945 0.408945 0.408945
5186.151367 -2.697266 4566.715820 0.000000 -0.271512 0.000000 0.962435 0.527688 0.527688 0.527688
5233.994141 -1.504150 4555.556641 0.000000 -0.271512 0.000000 0.962435 0.527688 0.527688 0.527688
5263.824219 -2.535889 4613.009277 0.000000 -0.271512 0.000000 0.962435 0.390245 0.390245 0.390245
5130.024414 -2.535889 4663.352051 0.000000 -0.271512 0.000000 0.962435 0.390245 0.390245 0.390245
5203.062500 0.000000 4655.903809 0.000000 -0.271512 0.000000 0.962435 0.478418 0.478418 0.478418
5378.881836 0.000000 4458.865723 0.000000 0.000000 0.000000 1.000000 1.000000 1.000000 1.000000
5323.737305 -0.839600 4448.212402 0.000000 0.000000 0.000000 1.000000 1.000000 1.000000 1.000000
5276.674805 0.000000 4417.137207 0.000000 0.000000 0.000000 1.000000 1.000000 1.000000 1.000000
5118.931641 -0.261475 4380.550781 0.000000 0.000000 0.000000 1.000000 1.000000 1.000000 1.000000
5224.712891 -1.476563 4393.333008 0.000000 0.000000 0.000000 1.000000 0.530347 0.530347 0.530347
5046.073242 -0.672363 4371.185059 0.000000 0.000000 0.000000 1.000000 1.000000 1.000000 1.000000
4985.915039 0.000000 4338.596191 0.000000 0.000000 0.000000 1.000000 1.000000 1.000000 1.000000
4938.626953 0.000000 4302.749512 0.000000 0.000000 0.000000 1.000000 1.000000 1.000000 1.000000
4901.047852 0.000000 4241.844238 0.000000 0.000000 0.000000 1.000000 1.000000 1.000000 1.000000
4850.112305 -3.019287 4218.869629 0.000000 0.000000 0.000000 1.000000 1.000000 1.000000 1.000000
4634.500977 2.282227 4266.672852 0.000000 0.000000 0.000000 1.000000 0.370160 0.370160 0.370160
4572.485352 -0.460205 4249.643066 0.000000 0.000000 0.000000 1.000000 0.526139 0.526139 0.526139
4727.877930 -0.460205 4198.761719 0.000000 0.000000 0.000000 1.000000 0.396436 0.396436 0.396436
4746.988281 -1.383789 4162.312012 0.000000 0.000000 0.000000 1.000000 0.396436 0.396436 0.396436
4806.535156 -1.383789 4190.304688 0.000000 0.000000 0.000000 1.000000 0.396436 0.396436 0.396436
4646.417969 0.026855 4108.325684 0.000000 0.000000 0.000000 1.000000 1.526147 1.526147 1.526147
4548.478516 0.000000 4092.537109 0.000000 0.000000 0.000000 1.000000 0.582678 0.582678 0.582678
4505.113281 0.000000 4073.617188 0.000000 0.000000 0.000000 1.000000 0.563517 0.563517 0.563517
4442.310547 0.000000 4049.043457 0.000000 0.000000 0.000000 1.000000 0.417090 0.417090 0.417090
4595.543945 0.000000 4023.176758 0.000000 0.000000 0.000000 1.000000 0.428638 0.428638 0.428638
4677.313477 0.000000 4029.816650 0.000000 0.000000 0.000000 1.000000 0.308167 0.308167 0.308167
4761.022461 1.441895 4051.811279 0.000000 0.000000 0.000000 1.000000 0.728948 0.728948 0.728948
4731.729492 0.000000 4013.687012 0.000000 0.000000 0.000000 1.000000 0.449463 0.449463 0.449463
4668.684570 -1.039795 3985.810059 0.000000 0.000000 0.000000 1.000000 0.357227 0.357227 0.357227
4674.573242 -1.639893 3864.123535 0.000000 0.000000 0.000000 1.000000 0.592676 0.592676 0.592676
4755.861328 0.000000 3916.690674 0.000000 0.000000 0.000000 1.000000 0.644043 0.644043 0.644043
4831.592773 0.000000 3972.761230 0.000000 0.000000 0.000000 1.000000 0.522656 0.522656 0.522656
4896.878906 0.000000 3940.746094 0.000000 0.000000 0.000000 1.000000 0.678333 0.678333 0.678333
4962.145508 0.000000 3921.486816 0.000000 0.000000 0.000000 1.000000 0.255151 0.255151 0.255151
4979.809570 0.000000 3891.076416 0.000000 0.000000 0.000000 1.000000 0.260144 0.260144 0.260144
4916.207031 -0.785400 3861.514160 0.000000 -0.423676 0.000000 0.905814 0.185803 0.185803 0.185803
4874.885742 -1.584717 3799.279785 0.000000 0.000000 0.000000 1.000000 0.380566 0.380566 0.380566
4982.470703 -1.427734 3775.178223 0.000000 0.000000 0.000000 1.000000 0.214539 0.214539 0.214539
5044.222656 0.000000 3803.815430 0.000000 0.000000 0.000000 1.000000 0.214539 0.214539 0.214539
5119.083008 0.000000 3659.121094 0.000000 0.000000 0.000000 1.000000 0.250256 0.250256 0.250256
5275.088867 0.000000 3620.285156 0.000000 0.000000 0.000000 1.000000 0.256897 0.256897 0.256897
5331.001953 -1.499878 3602.366211 0.000000 0.000000 0.000000 1.000000 0.315015 0.315015 0.315015
5525.933594 -0.783691 3568.591797 0.000000 0.000000 0.000000 1.000000 0.312683 0.312683 0.312683
5470.559570 0.000000 3567.995117 0.000000 0.000000 0.000000 1.000000 0.312683 0.312683 0.312683
5665.727539 -1.805664 3597.130615 0.000000 -0.454383 0.000000 0.890806 0.296139 0.296139 0.296139
5616.122070 -0.429810 3583.825439 0.000000 0.000000 0.000000 1.000000 0.482886 0.482886 0.482886
5786.193359 -0.991455 3597.350098 0.000000 0.000000 0.000000 1.000000 0.457837 0.457837 0.457837
5831.240234 0.000000 3642.223633 0.000000 0.000000 0.000000 1.000000 0.323364 0.323364 0.323364
5945.430664 0.000000 3687.658203 0.000000 0.000000 0.000000 1.000000 0.449707 0.449707 0.449707
5769.590820 0.910522 3734.912842 0.000000 0.000000 0.000000 1.000000 0.284912 0.284912 0.284912
5807.277344 0.000000 3769.570801 0.000000 0.000000 0.000000 1.000000 0.284314 0.284314 0.284314
"}
object={
	name="env_snow_plains"
	clamp_to_water_level=yes
	render_under_water=no
	generated_content=no
	layer="env_effect_layer"
	entity="env_snow_plains"
	count=2
	transform="2590.047363 -3.095947 5806.363770 0.000000 0.000000 0.000000 1.000000 1.000000 1.000000 1.000000
2607.441895 0.000000 5993.411621 0.000000 0.000000 0.000000 1.000000 1.000000 1.000000 1.000000
"}
object={
	name="env_snow_plains_ambient"
	clamp_to_water_level=yes
	render_under_water=no
	generated_content=no
	layer="env_effect_layer"
	entity="env_snow_plains_ambient"
	count=41
	transform="2677.481689 -0.325439 5830.993652 0.000000 0.000000 0.000000 1.000000 1.000000 1.000000 1.000000
2751.570557 0.000000 5791.331543 0.000000 0.000000 0.000000 1.000000 1.000000 1.000000 1.000000
2858.424072 -1.495361 5729.333008 0.000000 0.000000 0.000000 1.000000 1.000000 1.000000 1.000000
2657.493164 -2.859131 5918.437012 0.000000 0.000000 0.000000 1.000000 1.000000 1.000000 1.000000
2934.695801 0.000000 5644.146973 0.000000 0.000000 0.000000 1.000000 1.000000 1.000000 1.000000
2990.083496 0.000000 5467.758301 0.000000 0.000000 0.000000 1.000000 1.000000 1.000000 1.000000
3108.708252 -1.886475 5366.306641 0.000000 0.000000 0.000000 1.000000 1.000000 1.000000 1.000000
3224.008789 0.000000 5422.074707 0.000000 0.000000 0.000000 1.000000 1.000000 1.000000 1.000000
3281.597168 0.000000 5479.837402 0.000000 0.000000 0.000000 1.000000 1.000000 1.000000 1.000000
3422.652100 0.000000 5541.357422 0.000000 0.000000 0.000000 1.000000 1.000000 1.000000 1.000000
3549.451660 0.000000 5543.515137 0.000000 0.000000 0.000000 1.000000 1.000000 1.000000 1.000000
3613.972656 0.000000 5570.945801 0.000000 0.000000 0.000000 1.000000 1.000000 1.000000 1.000000
3856.294678 0.000000 5557.533691 0.000000 0.000000 0.000000 1.000000 1.000000 1.000000 1.000000
4337.948242 -1.473389 5571.759277 0.000000 0.000000 0.000000 1.000000 1.000000 1.000000 1.000000
4365.918945 0.000000 5478.459473 0.000000 0.000000 0.000000 1.000000 1.000000 1.000000 1.000000
4465.978516 0.000000 5412.705566 0.000000 0.000000 0.000000 1.000000 1.000000 1.000000 1.000000
4575.839844 0.000000 5421.544434 0.000000 0.000000 0.000000 1.000000 1.000000 1.000000 1.000000
4452.078125 0.000000 5539.707031 0.000000 0.000000 0.000000 1.000000 1.000000 1.000000 1.000000
4523.668945 0.000000 5479.623535 0.000000 0.000000 0.000000 1.000000 1.000000 1.000000 1.000000
4663.062500 0.000000 5385.168457 0.000000 0.000000 0.000000 1.000000 1.000000 1.000000 1.000000
4639.291016 0.000000 5492.277832 0.000000 0.000000 0.000000 1.000000 1.000000 1.000000 1.000000
4753.683594 0.000000 5431.597168 0.000000 0.000000 0.000000 1.000000 1.000000 1.000000 1.000000
4889.456055 0.000000 5549.734863 0.000000 0.000000 0.000000 1.000000 1.000000 1.000000 1.000000
5014.596680 0.000000 5566.723145 0.000000 0.000000 0.000000 1.000000 1.000000 1.000000 1.000000
5205.697266 0.000000 5572.944336 0.000000 0.000000 0.000000 1.000000 1.000000 1.000000 1.000000
5306.241211 0.000000 5551.620605 0.000000 0.000000 0.000000 1.000000 1.000000 1.000000 1.000000
5434.017578 0.000000 5521.066895 0.000000 0.000000 0.000000 1.000000 1.000000 1.000000 1.000000
5566.477539 0.000000 5508.430664 0.000000 0.000000 0.000000 1.000000 1.000000 1.000000 1.000000
5720.843750 0.000000 5508.315918 0.000000 0.000000 0.000000 1.000000 1.000000 1.000000 1.000000
5813.033203 0.000000 5573.926758 0.000000 0.000000 0.000000 1.000000 1.000000 1.000000 1.000000
5888.826172 0.000000 5717.201660 0.000000 0.000000 0.000000 1.000000 1.000000 1.000000 1.000000
5974.128906 0.000000 5819.253418 0.000000 0.000000 0.000000 1.000000 1.000000 1.000000 1.000000
6112.076172 0.000000 5810.884277 0.000000 0.000000 0.000000 1.000000 1.000000 1.000000 1.000000
6168.581055 0.000000 5723.730469 0.000000 0.000000 0.000000 1.000000 1.000000 1.000000 1.000000
6269.086914 0.000000 5784.639160 0.000000 0.000000 0.000000 1.000000 1.000000 1.000000 1.000000
6345.154297 0.000000 5687.134277 0.000000 0.000000 0.000000 1.000000 1.000000 1.000000 1.000000
6321.963867 0.000000 5405.769531 0.000000 0.000000 0.000000 1.000000 1.000000 1.000000 1.000000
3068.479736 0.000000 5395.074707 0.000000 0.000000 0.000000 1.000000 1.000000 1.000000 1.000000
2980.291748 0.000000 5552.150879 0.000000 0.000000 0.000000 1.000000 1.000000 1.000000 1.000000
2820.074463 0.000000 5757.528809 0.000000 0.000000 0.000000 1.000000 1.000000 1.000000 1.000000
3361.119385 0.000000 5509.797363 0.000000 0.000000 0.000000 1.000000 1.000000 1.000000 1.000000
"}
object={
	name="waterfall"
	clamp_to_water_level=yes
	render_under_water=no
	generated_content=no
	layer="coast_foam_layer"
	entity="waterfall"
	count=0
}
object={
	name="waterfall_bottom"
	clamp_to_water_level=yes
	render_under_water=no
	generated_content=no
	layer="coast_foam_layer"
	entity="waterfall_bottom"
	count=0
}
