object={
	name="lakes"
	clamp_to_water_level=no
	render_under_water=no
	generated_content=no
	layer="lake_layer"
	pdxmesh="lake_mesh"
	count=199
	transform="1879.464111 -1.612305 5949.570312 0.000000 0.127566 0.000000 0.991830 15.156264 15.156264 15.156264
1644.362793 1.251221 4949.276367 0.000000 0.423676 0.000000 0.905814 5.573364 5.573364 5.573364
2092.381348 1.462402 4990.192383 0.000000 0.000000 0.000000 1.000000 5.830308 5.830308 5.830308
2098.833252 1.462402 4965.917969 0.000000 0.000000 0.000000 1.000000 5.830308 5.830308 5.830308
317.802124 0.895508 5884.515625 0.000000 0.994212 0.000000 0.107439 11.618054 11.618054 11.618054
1434.569946 0.294678 4366.536133 0.000000 0.882845 0.000000 -0.469665 6.077335 6.077335 6.077335
1427.772217 2.311768 4354.772461 0.000000 -0.686314 0.000000 0.727305 12.567498 12.567498 12.567498
4759.256836 2.166259 4268.747070 0.000000 -0.036125 0.000000 0.999347 11.014447 11.014447 11.014447
638.656372 -0.096436 5060.816406 0.000000 -0.864966 0.000000 0.501831 4.851781 4.851781 4.851781
2525.666992 0.000000 5233.164062 0.000000 0.421685 0.000000 0.906742 8.214069 8.214069 8.214069
2476.468262 1.265137 5235.685547 0.000000 0.490235 0.000000 0.871590 7.722569 7.722569 7.722569
2466.243164 0.665039 5233.934570 0.000000 0.455959 0.000000 0.890001 5.419629 5.419629 5.419629
2481.257324 0.169678 5210.118164 0.000000 0.391604 0.000000 0.920134 19.680010 19.680010 19.680010
1903.913086 1.523193 5874.302734 0.000000 0.000000 0.000000 1.000000 10.781592 10.781592 10.781592
1819.013306 0.155518 5753.827148 0.000000 0.308687 0.000000 0.951164 8.617642 8.617642 8.617642
1784.170166 0.675049 5686.791016 0.000000 0.602591 0.000000 0.798050 8.324876 8.324876 8.324876
1729.454956 0.857178 5645.164062 0.000000 0.279227 0.000000 0.960225 4.242383 4.242383 4.242383
1735.198486 2.253173 5611.780273 0.000000 0.188786 0.000000 0.982018 18.605555 18.605555 18.605555
1773.945435 2.253173 5578.370117 0.000000 0.188786 0.000000 0.982018 18.605555 18.605555 18.605555
1730.174927 1.629150 5631.771484 0.000000 0.188786 0.000000 0.982018 18.605555 18.605555 18.605555
544.236023 0.511230 5071.788086 0.000000 0.548402 0.000000 0.836215 5.375959 5.375959 5.375959
1868.814941 1.995117 5783.743164 0.000000 0.203375 0.000000 0.979101 14.884582 14.884582 14.884582
1850.175293 1.857910 5799.939453 0.000000 0.472030 0.000000 0.881582 11.672919 11.672919 11.672919
1668.397827 5.022216 5642.918945 0.000000 0.843193 0.000000 -0.537611 7.096653 7.096653 7.096653
1685.142700 2.095947 5667.268555 0.000000 0.366364 0.000000 -0.930472 17.656607 17.656607 17.656607
1581.962524 1.046631 5457.671875 0.000000 0.557119 0.000000 0.830433 9.937582 9.937582 9.937582
1607.421265 -0.764160 5467.873047 0.000000 0.429045 0.000000 0.903283 20.802437 20.802437 20.802437
684.640442 0.085815 3592.724854 0.000000 0.231152 0.000000 0.972918 10.548601 10.548601 10.548601
2843.340820 2.591553 3893.713135 0.000000 0.349832 0.000000 0.936813 14.373421 14.373421 14.373421
2658.537842 2.083984 3781.546875 0.000000 0.993898 0.000000 0.110305 8.649700 8.649700 8.649700
2657.406494 -0.884766 3760.865967 0.000000 0.078828 0.000000 -0.996888 12.935730 12.935730 12.935730
2678.500244 2.083984 3778.516846 0.000000 0.709407 0.000000 -0.704799 16.413857 16.413857 16.413857
2709.470703 2.083984 3802.670166 0.000000 0.705596 0.000000 0.708614 16.413857 16.413857 16.413857
2924.525635 0.221191 3850.352783 0.000000 0.398389 0.000000 0.917217 16.413857 16.413857 16.413857
2742.203613 1.431274 3785.522217 0.000000 0.398389 0.000000 0.917217 16.413857 16.413857 16.413857
2834.230713 2.591553 3863.524658 0.000000 0.349832 0.000000 0.936813 33.769379 33.769379 33.769379
3296.570312 2.760254 4062.374756 0.000000 -0.881058 0.000000 0.473008 9.794930 9.794930 9.794930
3302.789307 1.302979 3909.389893 0.000000 -0.359362 0.000000 0.933198 37.316238 37.316238 37.316238
1449.992676 0.000000 4495.660156 0.000000 0.648814 0.000000 0.760948 6.857174 6.857174 6.857174
1561.273682 0.000000 4468.603516 0.000000 0.648814 0.000000 0.760948 6.857174 6.857174 6.857174
1573.587524 0.000000 4503.802734 0.000000 0.648814 0.000000 0.760948 6.857174 6.857174 6.857174
1469.066528 0.616699 4427.456055 0.000000 0.797317 0.000000 0.603561 2.782289 2.782289 2.782289
1420.356812 1.609130 4423.527344 0.000000 -0.091334 0.000000 0.995821 4.233682 4.233682 4.233682
1416.245605 0.624023 4438.636719 0.000000 0.128020 0.000000 0.991772 8.639521 8.639521 8.639521
1546.325195 1.246094 4326.398438 0.000000 0.716017 0.000000 0.698082 15.328931 15.328931 15.328931
1473.285767 1.712891 4487.717773 0.000000 -0.905945 0.000000 0.423396 24.020245 24.020245 24.020245
1324.542480 1.712891 4437.360352 0.000000 -0.423980 0.000000 0.905671 24.020245 24.020245 24.020245
1306.093506 4.369141 4401.041016 0.000000 0.000000 0.000000 1.000000 36.600914 36.600914 36.600914
2989.597412 0.000000 3427.181396 -0.000000 -0.000000 -0.000000 1.000000 1.000000 1.000000 1.000000
2973.155273 1.512939 3495.357666 -0.000000 -0.639406 -0.000000 0.768869 8.087207 8.087207 8.087207
2966.623047 -4.520630 3415.560303 -0.000000 -0.639406 -0.000000 0.768869 21.940123 21.940123 21.940123
2966.621094 1.275513 3416.874756 -0.000000 -0.639406 -0.000000 0.768869 21.940123 21.940123 21.940123
5478.173828 2.692139 4234.428711 0.000000 0.989923 0.000000 0.141608 64.820755 64.820755 64.820755
5550.685547 2.019043 4280.348633 0.000000 0.798902 0.000000 -0.601461 54.721893 54.721893 54.721893
5614.915039 -1.241944 4265.275391 0.000000 0.999121 0.000000 -0.041923 34.508163 34.508163 34.508163
5569.276367 -0.390625 4665.842773 0.000000 0.112736 0.000000 0.993625 37.119358 37.119358 37.119358
5281.489258 1.034424 4616.313477 0.000000 -0.228137 0.000000 0.973629 14.203422 14.203422 14.203422
5326.520508 1.020508 4717.299805 0.000000 -0.364398 0.000000 0.931243 22.185534 22.185534 22.185534
5549.640625 1.041504 4609.861328 0.000000 -0.108308 0.000000 0.994117 8.056372 8.056372 8.056372
5337.076172 1.413818 4699.650391 0.000000 -0.539073 0.000000 0.842259 8.056372 8.056372 8.056372
6088.332031 0.797852 5434.577148 0.000000 0.598577 0.000000 0.801065 42.176945 42.176945 42.176945
6109.503906 0.797852 5297.934570 0.000000 0.805322 0.000000 0.592838 96.787926 96.787926 96.787926
6021.477539 -1.022705 5164.402344 0.000000 0.958478 0.000000 0.285166 63.957951 63.957951 63.957951
5842.313477 2.156494 5060.636719 0.000000 0.747303 0.000000 0.664483 37.693779 37.693779 37.693779
5566.986328 1.120605 4879.001953 0.000000 0.000000 0.000000 1.000000 37.693779 37.693779 37.693779
5512.383789 2.315186 4950.541016 0.000000 0.000000 0.000000 1.000000 55.413727 55.413727 55.413727
5430.158203 1.497070 4882.332031 0.000000 0.000000 0.000000 1.000000 14.421523 14.421523 14.421523
5438.307617 1.497070 4927.696289 0.000000 0.000000 0.000000 1.000000 14.421523 14.421523 14.421523
5231.902344 1.497070 4793.929688 0.000000 0.000000 0.000000 1.000000 14.421523 14.421523 14.421523
3306.480957 -0.276123 2488.083252 0.000000 0.174036 0.000000 0.984739 13.830501 13.830501 13.830501
3092.235840 0.890686 2508.061768 0.000000 0.000000 0.000000 1.000000 25.409878 25.409878 25.409878
3093.407959 2.223755 2526.517578 0.000000 0.000000 0.000000 1.000000 17.062283 17.062283 17.062283
3120.887695 -0.917892 2255.296631 0.000000 -0.491804 0.000000 0.870706 29.376287 29.376287 29.376287
3171.431641 -0.542999 2326.505615 0.000000 -0.491804 0.000000 0.870706 20.751310 20.751310 20.751310
3075.649414 1.869957 2088.441162 0.000000 0.572905 0.000000 0.819622 15.615232 15.615232 15.615232
3056.760742 1.458527 2112.067871 0.000000 0.411002 0.000000 0.911634 24.249489 24.249489 24.249489
3043.980469 1.770813 2152.034912 0.000000 0.696171 0.000000 0.717876 24.249489 24.249489 24.249489
2201.815674 1.381958 3959.667725 0.000000 0.865711 0.000000 0.500543 10.298976 10.298976 10.298976
2157.656982 1.853516 3974.549561 0.000000 0.627457 0.000000 0.778651 13.485481 13.485481 13.485481
2139.447998 2.303223 3984.323486 0.000000 0.627457 0.000000 0.778651 13.485481 13.485481 13.485481
2289.066650 2.330200 3959.045166 0.000000 0.000000 0.000000 1.000000 5.172881 5.172881 5.172881
2306.079834 1.823120 3963.067627 0.000000 0.000000 0.000000 1.000000 8.169932 8.169932 8.169932
2202.665283 2.101563 3802.703857 0.000000 0.168654 0.000000 0.985675 6.622243 6.622243 6.622243
2706.615479 1.882446 3828.094482 0.000000 -0.336647 0.000000 0.941631 5.988504 5.988504 5.988504
2726.878174 -0.013916 3844.648682 0.000000 0.258918 0.000000 0.965899 18.164228 18.164228 18.164228
3419.493164 2.551636 3860.432861 0.000000 0.580783 0.000000 0.814059 39.018711 39.018711 39.018711
3394.487061 2.505005 4032.056885 0.000000 0.395027 0.000000 0.918669 24.617380 24.617380 24.617380
3328.708252 1.585449 3911.525146 0.000000 0.784952 0.000000 0.619557 5.796173 5.796173 5.796173
3978.327148 1.951172 3478.930176 0.000000 0.999921 0.000000 0.012599 9.785446 9.785446 9.785446
4038.111328 1.951172 3516.385010 0.000000 0.999921 0.000000 0.012599 16.245289 16.245289 16.245289
4080.392090 1.892578 3466.343506 0.000000 0.999921 0.000000 0.012599 16.245289 16.245289 16.245289
4089.243652 1.400879 3403.896240 0.000000 0.920458 0.000000 0.390842 25.448694 25.448694 25.448694
4086.698242 2.592285 3346.703857 0.000000 0.694526 0.000000 0.719467 25.448694 25.448694 25.448694
4701.210938 1.673584 4091.544678 0.000000 0.036094 0.000000 0.999348 15.494776 15.494776 15.494776
4655.725586 3.191895 4251.164062 0.000000 -0.083673 0.000000 0.996493 7.911607 7.911607 7.911607
4437.424805 1.313721 4182.338867 0.000000 0.106942 0.000000 0.994265 15.752451 15.752451 15.752451
4537.538086 1.915771 4143.688477 0.000000 -0.193145 0.000000 0.981170 15.752451 15.752451 15.752451
4270.512695 1.441406 4130.265625 0.000000 0.009125 0.000000 0.999958 11.668904 11.668904 11.668904
4291.049805 1.441406 4085.045654 0.000000 0.009125 0.000000 0.999958 11.668904 11.668904 11.668904
4275.208008 -0.212036 4043.706299 0.000000 0.251394 0.000000 0.967885 30.560972 30.560972 30.560972
4324.163086 0.690063 3946.243408 0.000000 -0.033960 0.000000 0.999423 14.837814 14.837814 14.837814
3695.360840 0.915649 3730.671143 0.000000 -0.258181 0.000000 0.966097 14.837814 14.837814 14.837814
3781.777588 2.298218 3572.339600 0.000000 0.389216 0.000000 0.921147 21.853962 21.853962 21.853962
3793.969238 2.019531 3425.149170 0.000000 0.389216 0.000000 0.921147 8.359930 8.359930 8.359930
3837.566650 -1.103271 3431.910156 0.000000 0.234342 0.000000 0.972154 28.361542 28.361542 28.361542
3905.077881 0.090820 5073.129883 0.000000 -0.500838 0.000000 0.865541 21.570053 21.570053 21.570053
3903.409180 2.270020 5127.528320 0.000000 0.512048 0.000000 0.858957 7.585004 7.585004 7.585004
5539.125977 2.453125 4806.113281 0.000000 -0.601799 0.000000 0.798647 33.265923 33.265923 33.265923
5727.029297 1.280029 4775.858398 0.000000 0.511392 0.000000 0.859347 11.490909 11.490909 11.490909
5949.309570 1.237061 4730.425781 0.000000 -0.026181 0.000000 0.999657 10.048801 10.048801 10.048801
5890.768555 1.948730 4736.781250 0.000000 0.215997 0.000000 0.976394 10.048801 10.048801 10.048801
5778.349609 1.402100 4740.696289 0.000000 0.215997 0.000000 0.976394 15.634364 15.634364 15.634364
5682.417969 1.160645 4762.889648 0.000000 -0.006897 0.000000 0.999976 38.687134 38.687134 38.687134
5605.028320 2.416748 4788.680664 0.000000 0.419248 0.000000 0.907872 16.931530 16.931530 16.931530
5580.819336 4.059082 4816.973633 0.000000 0.419248 0.000000 0.907872 21.072451 21.072451 21.072451
6048.836914 1.608398 4742.412109 0.000000 0.000000 0.000000 1.000000 6.155762 6.155762 6.155762
5892.375977 2.022949 5296.666016 0.000000 0.455416 0.000000 0.890279 5.439863 5.439863 5.439863
4924.719727 0.000000 3314.829590 0.000000 0.000000 0.000000 1.000000 10.629927 10.629927 10.629927
4889.040039 0.630615 3709.049072 0.000000 0.000000 0.000000 1.000000 4.341914 4.341914 4.341914
4790.946289 1.355469 3882.498291 0.000000 -0.840277 0.000000 -0.542157 4.063225 4.063225 4.063225
5629.706055 1.671143 4561.184570 0.000000 -0.563866 0.000000 0.825866 9.029453 9.029453 9.029453
5628.944336 1.671143 4561.542969 0.000000 -0.563866 0.000000 0.825866 9.029453 9.029453 9.029453
5579.403320 2.207031 4531.764648 0.000000 -0.645207 0.000000 0.764008 7.262752 7.262752 7.262752
5061.219727 -3.027344 4517.376953 0.000000 -0.879160 0.000000 0.476527 20.171219 20.171219 20.171219
4442.045898 0.933105 4690.367188 0.000000 0.000000 0.000000 1.000000 12.844775 12.844775 12.844775
4763.171875 1.399902 4785.202148 0.000000 0.000000 0.000000 1.000000 15.450583 15.450583 15.450583
5364.690430 2.181885 4383.155273 0.000000 0.862393 0.000000 0.506239 19.320902 19.320902 19.320902
5499.265625 0.714844 3774.646973 0.000000 -0.247227 0.000000 0.968958 21.724773 21.724773 21.724773
5481.558594 -0.410278 3801.969727 0.000000 0.908894 0.000000 0.417027 14.326097 14.326097 14.326097
5464.904297 -0.795166 3768.644775 0.000000 0.797547 0.000000 0.603257 21.724773 21.724773 21.724773
5509.944336 1.645020 3745.476807 0.000000 0.164231 0.000000 0.986422 21.724773 21.724773 21.724773
5579.199219 -1.349243 3746.551758 0.000000 0.176380 0.000000 0.984322 21.628889 21.628889 21.628889
5584.996094 0.571411 3881.656982 0.000000 0.993227 0.000000 0.116188 21.376095 21.376095 21.376095
5673.331055 1.277100 3811.836182 0.000000 0.655361 0.000000 0.755316 9.922686 9.922686 9.922686
5640.964844 1.154907 3809.318604 0.000000 0.093673 0.000000 0.995603 9.922686 9.922686 9.922686
5579.130859 -0.379883 3829.662598 0.000000 0.209675 0.000000 0.977771 27.685064 27.685064 27.685064
5655.016602 -0.391968 3771.746338 0.000000 -0.060754 0.000000 0.998153 27.685064 27.685064 27.685064
5647.479492 1.157959 3615.017090 0.000000 0.024107 0.000000 0.999709 7.950306 7.950306 7.950306
5660.816406 1.231445 3640.387207 0.000000 -0.135809 0.000000 0.990735 21.628889 21.628889 21.628889
5643.185547 1.899048 3736.188232 0.000000 -0.135809 0.000000 0.990735 21.628889 21.628889 21.628889
5545.426758 1.762451 3780.642822 0.000000 0.034478 0.000000 0.999405 33.014759 33.014759 33.014759
5419.001953 -0.962646 3711.457031 0.000000 0.034478 0.000000 0.999405 66.925346 66.925346 66.925346
5280.803711 -1.580078 3732.489746 0.000000 0.034478 0.000000 0.999405 66.560547 66.560547 66.560547
5181.740234 1.408813 3952.432861 0.000000 -0.059718 0.000000 0.998215 9.501742 9.501742 9.501742
5202.241211 -0.124756 3929.957764 0.000000 -0.781175 0.000000 0.624312 16.272243 16.272243 16.272243
5179.983398 -0.023804 3864.497559 0.000000 -0.922167 0.000000 0.386793 14.283196 14.283196 14.283196
5150.553711 1.406494 3884.229736 0.000000 -0.998288 0.000000 0.058495 10.596818 10.596818 10.596818
5142.298828 2.156616 3857.427002 0.000000 -0.998288 0.000000 0.058495 10.596818 10.596818 10.596818
5110.243164 1.684448 3849.264648 0.000000 -0.935581 0.000000 0.353113 7.104090 7.104090 7.104090
5119.636719 -0.061035 3908.932861 0.000000 0.001831 0.000000 0.999998 20.377008 20.377008 20.377008
5080.776367 1.767822 3885.351318 0.000000 -0.199100 0.000000 0.979979 5.491138 5.491138 5.491138
5044.126953 1.942261 3915.826660 0.000000 0.280253 0.000000 0.959926 8.886061 8.886061 8.886061
5041.645508 1.311768 3884.266357 0.000000 0.280253 0.000000 0.959926 8.886061 8.886061 8.886061
5049.478516 0.981812 3856.945312 0.000000 0.280253 0.000000 0.959926 8.886061 8.886061 8.886061
5057.853516 0.633911 3820.673584 0.000000 0.280253 0.000000 0.959926 8.886061 8.886061 8.886061
5000.552734 1.239990 3828.641846 0.000000 0.280253 0.000000 0.959926 17.422899 17.422899 17.422899
5348.382812 1.220703 3903.947998 0.000000 0.839487 0.000000 0.543380 5.878881 5.878881 5.878881
5344.706055 1.237427 3882.938721 0.000000 0.216712 0.000000 0.976236 4.962830 4.962830 4.962830
5507.013672 -0.413818 3884.918945 0.000000 -0.851415 0.000000 0.524493 17.366526 17.366526 17.366526
5516.524414 1.641235 3846.976318 0.000000 -0.580733 0.000000 0.814094 6.412361 6.412361 6.412361
5391.692383 2.661743 3953.764404 0.000000 -0.122191 0.000000 0.992507 8.351881 8.351881 8.351881
5320.827148 0.938599 3897.263428 0.000000 0.216712 0.000000 0.976236 4.962830 4.962830 4.962830
5709.570312 0.752686 4030.990967 0.000000 0.234372 0.000000 0.972147 11.069145 11.069145 11.069145
5661.254883 0.896606 4014.994873 0.000000 0.035393 0.000000 0.999373 9.100697 9.100697 9.100697
5590.774414 -0.478882 4016.344482 0.000000 -0.046492 0.000000 0.998918 37.516624 37.516624 37.516624
5518.424805 1.572510 4042.845459 0.000000 0.207765 0.000000 0.978179 13.324284 13.324284 13.324284
5501.776367 1.432129 4114.355469 0.000000 0.000305 0.000000 1.000000 19.385250 19.385250 19.385250
5456.985352 1.372314 4078.109131 0.000000 -0.194492 0.000000 0.980904 13.540122 13.540122 13.540122
5455.839844 0.098633 4027.917236 0.000000 -0.323424 0.000000 0.946254 8.310320 8.310320 8.310320
5490.383789 1.114624 4019.806396 0.000000 -0.069707 0.000000 0.997568 7.921128 7.921128 7.921128
5472.916016 1.683594 3982.437256 0.000000 -0.069707 0.000000 0.997568 7.921128 7.921128 7.921128
5519.743164 1.545776 3982.252686 0.000000 0.232294 0.000000 0.972645 13.507469 13.507469 13.507469
5515.786133 1.059082 3937.096191 0.000000 0.074577 0.000000 0.997215 13.507469 13.507469 13.507469
5583.139648 0.661011 3981.394775 0.000000 0.074577 0.000000 0.997215 13.507469 13.507469 13.507469
5591.612305 -0.005737 3962.681641 0.000000 -0.083886 0.000000 0.996475 13.507469 13.507469 13.507469
5932.957031 1.744629 4208.552734 0.000000 0.108611 0.000000 0.994084 15.505006 15.505006 15.505006
6083.208008 2.174561 4142.363281 0.000000 0.199339 0.000000 0.979930 34.852654 34.852654 34.852654
6014.848633 1.463867 4039.029541 0.000000 0.108611 0.000000 0.994084 9.720449 9.720449 9.720449
5965.120117 -1.687744 4009.510010 0.000000 0.000000 0.000000 1.000000 21.543406 21.543406 21.543406
4906.789062 2.233643 4338.166992 0.000000 -0.099809 0.000000 0.995007 72.046074 72.046074 72.046074
5079.512695 3.200195 4407.909180 0.000000 -0.058865 0.000000 0.998266 38.437584 38.437584 38.437584
2190.118896 -0.368653 5814.020508 0.000000 0.306901 0.000000 0.951741 29.536894 29.536894 29.536894
1645.117798 1.097900 5370.975586 0.000000 0.306901 0.000000 0.951741 16.826740 16.826740 16.826740
1700.559570 1.104736 5202.129883 0.000000 0.698566 0.000000 0.715545 7.696987 7.696987 7.696987
1750.988281 1.285645 5205.377930 0.000000 0.000000 0.000000 1.000000 6.189140 6.189140 6.189140
1832.542847 1.047119 5911.261719 0.000000 0.162063 0.000000 0.986780 13.494645 13.494645 13.494645
1800.673706 2.350342 5894.938477 0.000000 0.000000 0.000000 1.000000 6.677247 6.677247 6.677247
1649.096191 2.096436 5705.875977 0.000000 -0.168850 0.000000 0.985642 9.728909 9.728909 9.728909
1513.848267 1.386719 5423.806641 0.000000 0.499094 0.000000 0.866548 7.584114 7.584114 7.584114
1844.546143 1.865479 5816.333984 0.000000 0.111038 0.000000 0.993816 8.839129 8.839129 8.839129
5398.244141 1.822266 3602.241455 0.000000 0.493026 0.000000 0.870015 12.009838 12.009838 12.009838
5396.398438 1.221191 3651.378906 0.000000 -0.766800 0.000000 0.641887 7.169690 7.169690 7.169690
2116.982422 1.119629 5927.444336 0.000000 0.215639 0.000000 0.976473 18.208496 18.208496 18.208496
2153.125732 2.462646 5987.682617 0.000000 -0.414838 0.000000 0.909895 33.379097 33.379097 33.379097
2156.052734 0.030029 5925.932617 0.000000 0.966247 0.000000 0.257616 22.551014 22.551014 22.551014
1644.091919 1.217285 5565.807617 0.000000 0.116768 0.000000 0.993159 9.912519 9.912519 9.912519
5912.866211 0.000000 4137.684570 0.000000 0.000000 0.000000 1.000000 9.081818 9.081818 9.081818
5170.937500 0.000000 3676.436279 0.000000 -0.752713 0.000000 0.658349 15.843987 15.843987 15.843987
5156.741211 0.000000 3678.492676 0.000000 0.655499 0.000000 0.755196 16.685982 16.685982 16.685982
"}
